日時,始値(BID),高値(BID),安値(BID),終値(BID),始値(ASK),高値(ASK),安値(ASK),終値(ASK)
202003030830,21531,21544,21508,21508,21539,21551,21515,21515
202003030831,21508,21520,21501,21501,21515,21528,21509,21511
202003030832,21496,21537,21492,21531,21505,21547,21500,21533
202003030833,21531,21552,21516,21552,21533,21554,21523,21554
202003030834,21552,21552,21530,21545,21554,21555,21536,21554
202003030835,21545,21556,21544,21553,21554,21562,21553,21561
202003030836,21553,21553,21530,21530,21561,21561,21538,21538
202003030837,21530,21536,21500,21506,21538,21544,21509,21513
202003030838,21505,21521,21500,21521,21512,21529,21504,21529
202003030839,21521,21522,21492,21495,21529,21529,21498,21504
202003030840,21495,21527,21495,21510,21504,21530,21504,21514
202003030841,21510,21512,21498,21510,21514,21518,21503,21517
202003030842,21510,21515,21486,21486,21517,21520,21488,21491
202003030843,21486,21492,21485,21491,21491,21499,21491,21497
202003030844,21491,21510,21480,21496,21497,21514,21483,21503
202003030845,21496,21566,21495,21560,21503,21573,21496,21568
202003030846,21560,21565,21522,21530,21567,21571,21527,21535
202003030847,21529,21559,21526,21557,21535,21564,21531,21560
202003030848,21557,21598,21549,21592,21560,21604,21557,21597
202003030849,21592,21594,21571,21571,21597,21598,21576,21576
202003030850,21571,21591,21561,21587,21576,21596,21568,21592
202003030851,21587,21594,21586,21592,21594,21598,21593,21597
202003030852,21592,21599,21586,21586,21597,21603,21590,21590
202003030853,21586,21589,21581,21586,21590,21596,21586,21592
202003030854,21586,21600,21586,21597,21592,21605,21591,21601
202003030855,21597,21599,21592,21596,21601,21605,21597,21601
202003030856,21596,21598,21592,21598,21601,21604,21596,21603
202003030857,21598,21611,21596,21611,21603,21614,21599,21614
202003030858,21611,21653,21595,21653,21614,21659,21600,21659
202003030859,21651,21684,21640,21674,21659,21688,21646,21678
202003030900,21684,21684,21624,21670,21689,21689,21628,21675
202003030901,21668,21679,21625,21644,21674,21685,21629,21649
202003030902,21644,21688,21640,21688,21649,21693,21648,21693
202003030903,21688,21710,21672,21700,21693,21717,21680,21706
202003030904,21700,21702,21676,21700,21706,21710,21682,21706
202003030905,21700,21726,21681,21699,21706,21731,21688,21706
202003030906,21699,21699,21674,21680,21706,21706,21680,21687
202003030907,21680,21694,21654,21654,21687,21698,21660,21660
202003030908,21655,21666,21639,21639,21662,21671,21643,21644
202003030909,21640,21666,21640,21640,21643,21671,21643,21645
202003030910,21642,21656,21612,21619,21647,21661,21619,21625
202003030911,21616,21621,21607,21607,21624,21626,21611,21612
202003030912,21607,21612,21581,21586,21612,21615,21587,21589
202003030913,21586,21606,21582,21582,21589,21610,21585,21590
202003030914,21583,21606,21571,21597,21587,21611,21577,21600
202003030915,21597,21597,21577,21583,21600,21601,21580,21588
202003030916,21585,21595,21567,21587,21589,21599,21573,21593
202003030917,21588,21601,21567,21567,21593,21605,21570,21570
202003030918,21566,21571,21532,21532,21569,21574,21536,21536
202003030919,21532,21546,21521,21539,21536,21550,21524,21544
202003030920,21536,21573,21532,21569,21540,21578,21536,21574
202003030921,21569,21570,21537,21537,21574,21575,21541,21542
202003030922,21537,21537,21520,21531,21542,21542,21525,21534
202003030923,21530,21563,21530,21556,21534,21568,21533,21561
202003030924,21556,21577,21551,21577,21560,21582,21554,21582
202003030925,21577,21622,21574,21617,21582,21627,21579,21621
202003030926,21617,21617,21560,21571,21621,21621,21565,21574
202003030927,21571,21596,21570,21570,21574,21600,21574,21574
202003030928,21567,21577,21564,21567,21571,21582,21568,21570
202003030929,21567,21577,21561,21565,21570,21582,21564,21569
202003030930,21562,21570,21546,21566,21566,21574,21550,21571
202003030931,21567,21570,21545,21545,21571,21573,21548,21549
202003030932,21545,21554,21540,21544,21549,21558,21544,21548
202003030933,21544,21552,21538,21543,21548,21557,21543,21548
202003030934,21542,21542,21522,21530,21546,21546,21528,21535
202003030935,21530,21562,21530,21560,21535,21566,21534,21565
202003030936,21560,21560,21539,21557,21565,21565,21543,21558
202003030937,21556,21585,21550,21582,21558,21588,21556,21583
202003030938,21582,21582,21552,21558,21584,21587,21556,21563
202003030939,21559,21559,21530,21539,21563,21564,21535,21543
202003030940,21539,21546,21510,21513,21543,21550,21514,21518
202003030941,21513,21534,21507,21530,21518,21538,21513,21534
202003030942,21529,21542,21527,21535,21534,21546,21531,21539
202003030943,21535,21545,21526,21528,21539,21549,21530,21533
202003030944,21527,21541,21521,21523,21532,21545,21525,21528
202003030945,21521,21522,21490,21492,21528,21528,21494,21495
202003030946,21493,21520,21491,21509,21498,21524,21496,21513
202003030947,21509,21516,21501,21502,21513,21519,21504,21504
202003030948,21502,21506,21496,21500,21504,21510,21499,21503
202003030949,21496,21507,21486,21506,21499,21512,21490,21509
202003030950,21504,21542,21502,21532,21508,21544,21507,21537
202003030951,21532,21536,21517,21530,21536,21539,21522,21535
202003030952,21530,21552,21527,21548,21535,21555,21530,21553
202003030953,21548,21556,21535,21551,21553,21560,21539,21555
202003030954,21551,21552,21520,21520,21555,21555,21525,21525
202003030955,21520,21547,21520,21543,21528,21552,21528,21548
202003030956,21543,21545,21540,21543,21548,21550,21544,21548
202003030957,21543,21557,21540,21550,21548,21561,21544,21555
202003030958,21550,21562,21545,21562,21555,21568,21548,21566
202003030959,21562,21575,21561,21574,21567,21579,21565,21578
202003031000,21574,21578,21560,21570,21579,21584,21563,21575
202003031001,21571,21574,21546,21547,21575,21578,21549,21552
202003031002,21547,21566,21542,21542,21551,21571,21547,21547
202003031003,21542,21553,21534,21552,21547,21558,21538,21556
202003031004,21552,21566,21552,21566,21556,21570,21556,21570
202003031005,21566,21572,21541,21542,21570,21576,21545,21546
202003031006,21542,21545,21536,21536,21546,21550,21540,21541
202003031007,21537,21546,21524,21524,21540,21550,21528,21528
202003031008,21524,21546,21524,21532,21528,21550,21528,21537
202003031009,21532,21545,21532,21537,21537,21550,21537,21541
202003031010,21537,21545,21531,21540,21541,21550,21534,21544
202003031011,21540,21546,21529,21543,21545,21549,21534,21548
202003031012,21543,21544,21519,21520,21548,21548,21523,21525
202003031013,21520,21529,21514,21519,21524,21533,21519,21523
202003031014,21519,21524,21502,21509,21523,21528,21507,21513
202003031015,21509,21517,21502,21507,21513,21522,21506,21511
202003031016,21507,21515,21501,21502,21511,21520,21506,21510
202003031017,21503,21504,21480,21480,21511,21511,21484,21484
202003031018,21480,21480,21441,21450,21483,21483,21445,21453
202003031019,21449,21453,21436,21447,21453,21458,21439,21451
202003031020,21447,21456,21436,21436,21450,21461,21440,21441
202003031021,21437,21444,21431,21436,21441,21448,21435,21439
202003031022,21436,21436,21410,21420,21439,21439,21413,21424
202003031023,21420,21428,21407,21426,21424,21433,21411,21430
202003031024,21426,21430,21413,21419,21430,21435,21418,21423
202003031025,21419,21454,21416,21451,21424,21460,21422,21456
202003031026,21452,21459,21435,21437,21457,21463,21440,21441
202003031027,21437,21461,21436,21451,21441,21465,21441,21455
202003031028,21452,21453,21437,21442,21456,21458,21440,21446
202003031029,21442,21477,21442,21466,21446,21481,21446,21470
202003031030,21465,21469,21442,21445,21470,21474,21446,21450
202003031031,21445,21450,21421,21422,21450,21454,21425,21427
202003031032,21423,21444,21421,21435,21427,21448,21425,21440
202003031033,21435,21443,21425,21441,21440,21448,21430,21446
202003031034,21440,21444,21422,21431,21448,21448,21427,21437
202003031035,21431,21440,21417,21417,21437,21445,21423,21424
202003031036,21417,21428,21408,21411,21422,21433,21413,21414
202003031037,21411,21414,21390,21412,21414,21418,21393,21417
202003031038,21412,21420,21409,21415,21417,21424,21413,21420
202003031039,21415,21416,21395,21402,21420,21420,21399,21407
202003031040,21399,21404,21391,21392,21404,21408,21394,21397
202003031041,21392,21394,21361,21365,21397,21399,21367,21369
202003031042,21366,21369,21347,21349,21369,21374,21353,21354
202003031043,21349,21366,21342,21365,21354,21369,21347,21368
202003031044,21364,21377,21361,21377,21368,21382,21364,21382
202003031045,21377,21380,21361,21365,21382,21384,21363,21369
202003031046,21364,21370,21340,21343,21368,21375,21343,21347
202003031047,21342,21370,21341,21365,21349,21374,21345,21369
202003031048,21365,21365,21338,21345,21369,21369,21343,21349
202003031049,21345,21345,21335,21340,21349,21350,21340,21344
202003031050,21340,21354,21335,21354,21344,21358,21340,21358
202003031051,21354,21354,21336,21349,21358,21358,21340,21353
202003031052,21349,21364,21337,21338,21353,21368,21342,21343
202003031053,21338,21338,21321,21321,21343,21343,21324,21326
202003031054,21321,21324,21316,21316,21325,21328,21320,21321
202003031055,21316,21333,21311,21330,21320,21338,21316,21335
202003031056,21330,21345,21330,21345,21335,21348,21335,21348
202003031057,21344,21344,21322,21332,21348,21349,21326,21336
202003031058,21332,21334,21313,21319,21337,21338,21318,21324
202003031059,21319,21337,21316,21327,21324,21340,21323,21332
202003031100,21330,21377,21327,21375,21333,21382,21331,21379
202003031101,21374,21374,21338,21353,21379,21379,21343,21358
202003031102,21353,21360,21345,21351,21358,21365,21349,21356
202003031103,21351,21363,21341,21345,21356,21368,21346,21350
202003031104,21345,21376,21342,21372,21350,21379,21347,21377
202003031105,21370,21397,21370,21397,21376,21401,21375,21401
202003031106,21397,21405,21392,21395,21401,21409,21394,21399
202003031107,21396,21406,21375,21380,21400,21409,21379,21384
202003031108,21379,21386,21367,21373,21384,21390,21370,21378
202003031109,21374,21374,21359,21359,21378,21378,21364,21364
202003031110,21359,21370,21352,21365,21364,21374,21355,21369
202003031111,21365,21365,21351,21357,21369,21369,21356,21363
202003031112,21357,21357,21321,21324,21363,21363,21323,21328
202003031113,21324,21332,21313,21329,21328,21336,21318,21333
202003031114,21329,21346,21321,21337,21333,21350,21328,21344
202003031115,21337,21363,21337,21350,21344,21368,21343,21355
202003031116,21350,21365,21345,21362,21354,21369,21349,21367
202003031117,21361,21365,21352,21353,21368,21369,21356,21358
202003031118,21353,21360,21347,21355,21358,21363,21352,21359
202003031119,21355,21363,21350,21351,21359,21368,21354,21354
202003031120,21351,21351,21332,21345,21354,21354,21337,21348
202003031121,21344,21347,21340,21345,21348,21352,21344,21349
202003031122,21345,21350,21332,21334,21349,21353,21336,21338
202003031123,21335,21345,21331,21334,21339,21350,21335,21338
202003031124,21334,21337,21317,21330,21338,21340,21322,21334
202003031125,21330,21336,21326,21332,21334,21340,21330,21337
202003031126,21332,21345,21327,21341,21337,21349,21332,21344
202003031127,21340,21362,21340,21356,21345,21365,21343,21361
202003031128,21359,21370,21357,21359,21363,21374,21360,21363
202003031129,21359,21362,21351,21357,21363,21366,21354,21361
202003031130,21357,21393,21350,21391,21361,21398,21353,21394
202003031131,21388,21392,21365,21371,21393,21396,21369,21374
202003031132,21371,21372,21360,21360,21374,21377,21364,21364
202003031133,21361,21377,21361,21374,21364,21382,21364,21379
202003031134,21374,21399,21374,21385,21379,21404,21379,21388
202003031135,21385,21385,21353,21374,21388,21389,21358,21378
202003031136,21375,21389,21374,21383,21378,21393,21378,21388
202003031137,21383,21395,21380,21394,21388,21399,21383,21398
202003031138,21394,21395,21382,21391,21398,21399,21388,21395
202003031139,21391,21406,21390,21402,21395,21409,21395,21406
202003031140,21402,21406,21392,21395,21406,21409,21397,21399
202003031141,21395,21399,21362,21364,21398,21403,21365,21369
202003031142,21364,21382,21361,21375,21369,21386,21365,21379
202003031143,21375,21388,21375,21387,21379,21394,21378,21391
202003031144,21387,21387,21377,21377,21391,21391,21380,21381
202003031145,21377,21388,21366,21375,21382,21393,21370,21380
202003031146,21375,21376,21365,21373,21380,21380,21369,21378
202003031147,21373,21404,21373,21402,21378,21408,21378,21407
202003031148,21402,21403,21381,21401,21407,21408,21385,21406
202003031149,21402,21410,21396,21399,21406,21413,21401,21403
202003031150,21399,21400,21391,21392,21403,21404,21395,21395
202003031151,21392,21408,21392,21392,21395,21413,21395,21397
202003031152,21392,21395,21380,21381,21397,21400,21384,21385
202003031153,21381,21386,21370,21374,21385,21390,21374,21379
202003031154,21374,21386,21351,21352,21379,21390,21355,21357
202003031155,21353,21353,21338,21342,21358,21358,21343,21346
202003031156,21342,21342,21322,21322,21346,21346,21324,21329
202003031157,21322,21335,21308,21310,21327,21339,21313,21313
202003031158,21310,21313,21282,21310,21313,21318,21285,21313
202003031159,21312,21316,21301,21314,21316,21320,21308,21318
202003031200,21314,21333,21302,21328,21318,21338,21306,21333
202003031201,21328,21335,21320,21320,21333,21339,21324,21324
202003031202,21320,21346,21320,21346,21324,21351,21324,21351
202003031203,21344,21353,21341,21342,21350,21358,21347,21347
202003031204,21342,21346,21330,21343,21347,21350,21335,21348
202003031205,21343,21352,21340,21345,21348,21355,21345,21350
202003031206,21345,21355,21343,21343,21350,21359,21349,21349
202003031207,21346,21356,21344,21353,21351,21360,21349,21358
202003031208,21353,21377,21352,21373,21358,21379,21357,21377
202003031209,21372,21377,21355,21355,21377,21381,21358,21358
202003031210,21355,21355,21342,21342,21358,21359,21346,21347
202003031211,21343,21351,21331,21332,21347,21356,21333,21337
202003031212,21332,21334,21327,21327,21337,21339,21331,21332
202003031213,21327,21333,21326,21330,21331,21338,21330,21334
202003031214,21330,21354,21330,21354,21334,21358,21334,21358
202003031215,21354,21360,21341,21345,21358,21364,21344,21349
202003031216,21345,21354,21342,21351,21349,21358,21345,21356
202003031217,21351,21351,21341,21351,21357,21357,21345,21354
202003031218,21350,21350,21331,21332,21355,21355,21334,21336
202003031219,21332,21339,21332,21334,21335,21343,21335,21339
202003031220,21334,21344,21326,21342,21339,21348,21330,21347
202003031221,21344,21364,21344,21361,21348,21368,21348,21368
202003031222,21361,21387,21360,21373,21368,21389,21367,21378
202003031223,21373,21383,21371,21377,21378,21388,21375,21380
202003031224,21377,21377,21355,21355,21380,21381,21360,21361
202003031225,21356,21356,21340,21343,21360,21360,21345,21348
202003031226,21343,21352,21338,21350,21348,21356,21344,21355
202003031227,21350,21361,21342,21361,21355,21366,21347,21366
202003031228,21361,21367,21354,21363,21366,21374,21359,21369
202003031229,21362,21383,21362,21366,21367,21388,21367,21373
202003031230,21362,21388,21354,21369,21369,21393,21358,21375
202003031231,21369,21401,21369,21391,21375,21405,21375,21398
202003031232,21393,21404,21378,21378,21398,21408,21383,21384
202003031233,21380,21393,21380,21383,21384,21398,21383,21388
202003031234,21383,21405,21383,21404,21388,21409,21388,21408
202003031235,21404,21407,21366,21366,21408,21409,21369,21369
202003031236,21366,21370,21348,21351,21371,21374,21353,21355
202003031237,21352,21370,21346,21351,21357,21374,21349,21357
202003031238,21351,21361,21351,21355,21357,21364,21356,21358
202003031239,21354,21375,21354,21364,21358,21378,21358,21368
202003031240,21364,21379,21356,21368,21368,21383,21359,21374
202003031241,21370,21387,21370,21372,21374,21389,21374,21375
202003031242,21372,21384,21370,21374,21375,21388,21374,21378
202003031243,21374,21385,21373,21384,21378,21389,21378,21389
202003031244,21385,21386,21370,21372,21388,21389,21373,21375
202003031245,21372,21380,21364,21367,21375,21384,21368,21370
202003031246,21367,21371,21342,21342,21370,21375,21346,21346
202003031247,21342,21350,21340,21348,21346,21355,21344,21353
202003031248,21348,21370,21348,21368,21353,21373,21353,21373
202003031249,21368,21375,21368,21372,21373,21379,21373,21377
202003031250,21373,21402,21373,21390,21378,21407,21378,21394
202003031251,21390,21392,21376,21385,21394,21395,21379,21388
202003031252,21387,21401,21387,21390,21390,21405,21390,21393
202003031253,21389,21400,21387,21399,21394,21404,21391,21403
202003031254,21397,21400,21391,21392,21401,21404,21394,21399
202003031255,21392,21414,21392,21401,21399,21418,21398,21405
202003031256,21401,21406,21396,21396,21405,21410,21398,21401
202003031257,21397,21401,21371,21372,21400,21403,21374,21375
202003031258,21371,21382,21371,21379,21376,21385,21373,21383
202003031259,21380,21385,21380,21385,21383,21389,21383,21388
202003031300,21385,21387,21372,21383,21388,21392,21377,21388
202003031301,21382,21397,21382,21395,21387,21399,21387,21398
202003031302,21395,21395,21380,21384,21398,21398,21384,21389
202003031303,21385,21391,21377,21380,21389,21395,21381,21383
202003031304,21380,21380,21356,21357,21383,21385,21360,21362
202003031305,21357,21360,21343,21344,21362,21364,21348,21348
202003031306,21344,21344,21331,21332,21348,21348,21333,21337
202003031307,21332,21333,21314,21317,21337,21337,21318,21319
202003031308,21316,21336,21316,21335,21320,21338,21318,21338
202003031309,21335,21344,21331,21332,21338,21348,21334,21337
202003031310,21332,21344,21326,21342,21337,21348,21329,21346
202003031311,21342,21345,21335,21335,21346,21349,21339,21339
202003031312,21334,21337,21323,21333,21338,21339,21328,21338
202003031313,21333,21337,21325,21328,21338,21339,21329,21333
202003031314,21328,21329,21321,21327,21333,21333,21324,21332
202003031315,21327,21336,21321,21333,21332,21339,21326,21338
202003031316,21332,21340,21331,21331,21337,21344,21337,21338
202003031317,21331,21344,21329,21332,21338,21348,21333,21333
202003031318,21332,21345,21331,21336,21333,21348,21333,21340
202003031319,21336,21336,21321,21322,21340,21341,21325,21326
202003031320,21322,21324,21283,21283,21325,21328,21287,21287
202003031321,21283,21300,21276,21276,21288,21304,21279,21279
202003031322,21277,21284,21258,21272,21281,21288,21263,21277
202003031323,21272,21281,21259,21259,21275,21284,21263,21263
202003031324,21259,21260,21222,21231,21263,21264,21227,21235
202003031325,21234,21246,21220,21220,21238,21249,21224,21224
202003031326,21219,21233,21216,21229,21223,21238,21219,21233
202003031327,21229,21229,21211,21217,21233,21233,21213,21222
202003031328,21217,21220,21186,21187,21224,21224,21190,21191
202003031329,21187,21195,21169,21171,21191,21199,21173,21173
202003031330,21171,21195,21161,21162,21173,21199,21165,21166
202003031331,21162,21172,21136,21137,21167,21176,21138,21139
202003031332,21137,21164,21126,21145,21139,21168,21128,21148
202003031333,21145,21159,21139,21147,21148,21164,21143,21151
202003031334,21147,21149,21119,21120,21152,21154,21123,21123
202003031335,21121,21147,21116,21131,21124,21151,21121,21134
202003031336,21131,21147,21121,21138,21134,21151,21126,21144
202003031337,21137,21174,21137,21172,21141,21178,21141,21177
202003031338,21172,21202,21166,21183,21177,21207,21169,21188
202003031339,21183,21212,21183,21190,21188,21214,21188,21194
202003031340,21191,21201,21179,21193,21194,21204,21183,21198
202003031341,21193,21213,21186,21188,21198,21218,21191,21193
202003031342,21187,21195,21176,21177,21192,21199,21178,21178
202003031343,21177,21177,21150,21152,21181,21184,21153,21156
202003031344,21152,21152,21118,21118,21157,21157,21122,21122
202003031345,21116,21161,21116,21142,21122,21165,21118,21149
202003031346,21144,21152,21136,21147,21148,21154,21140,21151
202003031347,21147,21168,21147,21154,21151,21173,21151,21159
202003031348,21154,21172,21152,21172,21159,21176,21156,21176
202003031349,21172,21173,21158,21170,21176,21177,21163,21174
202003031350,21170,21191,21164,21186,21173,21194,21168,21193
202003031351,21186,21206,21180,21197,21191,21209,21184,21201
202003031352,21197,21209,21187,21201,21201,21213,21190,21205
202003031353,21202,21213,21190,21192,21206,21218,21193,21196
202003031354,21192,21200,21189,21198,21196,21204,21193,21204
202003031355,21198,21217,21196,21207,21204,21219,21199,21209
202003031356,21207,21212,21191,21201,21209,21215,21195,21203
202003031357,21201,21202,21189,21191,21204,21205,21193,21196
202003031358,21191,21200,21180,21190,21196,21203,21184,21198
202003031359,21190,21209,21190,21192,21198,21213,21194,21197
202003031400,21193,21232,21185,21220,21197,21234,21189,21224
202003031401,21220,21220,21201,21216,21223,21224,21206,21219
202003031402,21216,21239,21216,21232,21219,21243,21218,21234
202003031403,21231,21253,21222,21223,21236,21257,21226,21228
202003031404,21222,21223,21202,21206,21229,21230,21206,21209
202003031405,21206,21208,21188,21188,21209,21213,21192,21193
202003031406,21188,21207,21186,21195,21193,21211,21190,21199
202003031407,21195,21198,21182,21186,21199,21203,21186,21191
202003031408,21187,21201,21181,21181,21192,21204,21185,21188
202003031409,21182,21191,21172,21178,21186,21194,21174,21183
202003031410,21178,21179,21166,21177,21183,21183,21170,21180
202003031411,21177,21202,21177,21191,21181,21205,21181,21195
202003031412,21191,21209,21188,21196,21195,21213,21192,21201
202003031413,21197,21202,21187,21189,21201,21206,21191,21193
202003031414,21189,21199,21187,21191,21193,21203,21191,21195
202003031415,21191,21202,21186,21192,21195,21205,21191,21196
202003031416,21192,21193,21166,21166,21196,21197,21170,21171
202003031417,21167,21167,21152,21157,21170,21171,21156,21161
202003031418,21156,21158,21148,21149,21163,21163,21153,21154
202003031419,21149,21174,21149,21168,21154,21179,21154,21173
202003031420,21169,21170,21146,21147,21173,21174,21149,21150
202003031421,21147,21159,21144,21149,21150,21163,21148,21153
202003031422,21150,21157,21142,21151,21154,21163,21146,21156
202003031423,21151,21163,21151,21159,21156,21168,21155,21164
202003031424,21159,21168,21157,21167,21164,21174,21162,21171
202003031425,21167,21184,21164,21177,21172,21188,21168,21182
202003031426,21177,21190,21177,21188,21182,21194,21180,21194
202003031427,21188,21194,21161,21166,21194,21199,21165,21170
202003031428,21166,21194,21166,21186,21170,21197,21170,21190
202003031429,21186,21186,21166,21167,21190,21190,21169,21169
202003031430,21167,21167,21143,21151,21170,21170,21147,21155
202003031431,21152,21177,21152,21171,21156,21181,21156,21175
202003031432,21171,21191,21170,21190,21175,21194,21173,21193
202003031433,21189,21204,21188,21196,21193,21208,21193,21200
202003031434,21196,21201,21185,21187,21200,21204,21188,21189
202003031435,21187,21205,21170,21205,21189,21209,21173,21208
202003031436,21205,21225,21205,21216,21208,21229,21208,21219
202003031437,21214,21215,21201,21207,21218,21218,21204,21211
202003031438,21207,21219,21206,21216,21211,21224,21209,21221
202003031439,21216,21218,21211,21211,21220,21223,21214,21216
202003031440,21212,21222,21197,21222,21214,21227,21203,21224
202003031441,21222,21227,21217,21225,21224,21231,21220,21229
202003031442,21225,21235,21221,21221,21228,21239,21224,21225
202003031443,21221,21222,21207,21213,21225,21227,21211,21218
202003031444,21213,21214,21191,21196,21218,21218,21195,21198
202003031445,21196,21196,21181,21183,21198,21200,21186,21187
202003031446,21184,21184,21171,21171,21188,21188,21176,21177
202003031447,21171,21180,21152,21154,21177,21183,21157,21159
202003031448,21154,21179,21152,21174,21159,21183,21158,21179
202003031449,21175,21175,21162,21168,21178,21178,21167,21172
202003031450,21168,21171,21161,21167,21172,21174,21163,21169
202003031451,21167,21169,21142,21142,21169,21174,21144,21144
202003031452,21142,21147,21126,21126,21144,21151,21128,21128
202003031453,21126,21150,21125,21150,21128,21154,21128,21154
202003031454,21150,21150,21136,21140,21154,21154,21140,21144
202003031455,21140,21154,21140,21151,21144,21158,21144,21157
202003031456,21152,21152,21136,21137,21154,21154,21140,21141
202003031457,21136,21141,21131,21132,21142,21144,21134,21134
202003031458,21131,21136,21121,21122,21133,21139,21123,21124
202003031459,21122,21132,21101,21104,21124,21134,21106,21108
202003031500,21105,21105,21034,21048,21108,21108,21038,21053
202003031501,21047,21056,21031,21036,21052,21060,21034,21040
202003031502,21034,21040,21006,21014,21039,21044,21010,21019
202003031503,21014,21022,20994,21007,21019,21026,20999,21011
202003031504,21006,21006,20967,20977,21011,21011,20970,20984
202003031505,20978,21009,20978,21004,20984,21014,20984,21009
202003031506,21005,21007,20990,21007,21009,21010,20994,21009
202003031507,21007,21013,20990,20992,21009,21019,20994,20996
202003031508,20991,21032,20986,21010,20997,21039,20994,21015
202003031509,21010,21020,20992,20993,21015,21025,21000,21001
202003031510,20997,21000,20975,20990,20999,21009,20983,20996
202003031511,20990,21011,20981,20987,20996,21016,20990,20991
202003031512,20987,20989,20977,20983,20991,20998,20983,20990
202003031513,20983,20989,20975,20982,20990,20995,20980,20984
202003031514,20975,20986,20975,20975,20978,20990,20978,20983
202003031515,20975,21007,20970,21006,20983,21011,20978,21010
202003031516,21006,21006,20985,20986,21010,21010,20991,20995
202003031517,20986,20996,20982,20983,20995,21001,20989,20989
202003031518,20983,20990,20976,20990,20989,20998,20982,20998
202003031519,20991,21003,20990,20993,20998,21010,20995,21000
202003031520,20993,21032,20990,21032,21000,21040,20996,21039
202003031521,21032,21042,21021,21022,21039,21049,21028,21031
202003031522,21022,21041,21022,21041,21031,21046,21030,21046
202003031523,21041,21062,21038,21045,21046,21069,21045,21053
202003031524,21045,21050,21036,21045,21053,21059,21044,21053
202003031525,21040,21043,21031,21031,21047,21051,21042,21043
202003031526,21032,21046,21032,21046,21044,21054,21043,21050
202003031527,21046,21050,21042,21045,21050,21057,21049,21052
202003031528,21045,21062,21045,21058,21052,21070,21052,21065
202003031529,21058,21066,21057,21066,21065,21073,21065,21073
202003031530,21066,21067,21059,21060,21073,21075,21069,21069
202003031531,21060,21062,21052,21053,21069,21072,21060,21060
202003031532,21053,21061,21052,21052,21060,21070,21059,21060
202003031533,21052,21052,21045,21046,21060,21061,21051,21051
202003031534,21046,21047,21030,21030,21051,21054,21039,21039
202003031535,21030,21030,21012,21021,21039,21039,21024,21033
202003031536,21021,21024,21014,21024,21033,21033,21022,21033
202003031537,21024,21037,21022,21031,21033,21045,21033,21044
202003031538,21031,21048,21031,21037,21044,21055,21044,21045
202003031539,21037,21040,21037,21037,21045,21046,21043,21044
202003031540,21037,21041,21030,21040,21044,21050,21043,21048
202003031541,21040,21052,21036,21051,21048,21060,21044,21060
202003031542,21051,21066,21051,21060,21060,21070,21059,21067
202003031543,21060,21061,21054,21056,21067,21070,21063,21063
202003031544,21056,21062,21055,21062,21063,21069,21063,21069
202003031545,21062,21067,21061,21066,21069,21071,21068,21068
202003031546,21066,21066,21059,21063,21068,21070,21067,21069
202003031547,21063,21070,21063,21066,21069,21075,21068,21075
202003031548,21065,21067,21055,21060,21074,21075,21064,21069
202003031549,21060,21066,21055,21058,21069,21070,21064,21065
202003031550,21058,21066,21057,21066,21065,21075,21065,21075
202003031551,21066,21066,21055,21056,21075,21075,21064,21067
202003031552,21056,21062,21050,21062,21067,21075,21057,21071
202003031553,21062,21062,21055,21056,21071,21071,21063,21063
202003031554,21056,21056,21045,21053,21063,21064,21055,21063
202003031555,21066,21093,21061,21093,21078,21100,21065,21100
202003031556,21093,21096,21080,21088,21100,21105,21086,21092
202003031557,21086,21113,21086,21103,21095,21121,21094,21110
202003031558,21103,21121,21102,21110,21110,21128,21109,21119
202003031559,21110,21124,21110,21116,21119,21130,21118,21128
202003031600,21115,21125,21087,21121,21122,21134,21099,21134
202003031601,21121,21138,21120,21122,21134,21145,21127,21134
202003031602,21122,21129,21115,21120,21134,21136,21124,21132
202003031603,21120,21135,21116,21134,21132,21144,21126,21141
202003031604,21134,21142,21126,21142,21141,21150,21134,21149
202003031605,21142,21147,21130,21137,21149,21155,21137,21149
202003031606,21137,21140,21114,21119,21149,21149,21124,21126
202003031607,21116,21116,21100,21115,21125,21125,21107,21122
202003031608,21111,21118,21110,21117,21122,21129,21117,21129
202003031609,21117,21133,21117,21128,21129,21140,21128,21139
202003031610,21128,21136,21128,21134,21139,21145,21138,21143
202003031611,21134,21143,21121,21124,21143,21150,21131,21131
202003031612,21125,21130,21121,21122,21132,21139,21132,21134
202003031613,21122,21153,21122,21151,21134,21163,21134,21163
202003031614,21152,21170,21141,21164,21164,21179,21151,21175
202003031615,21165,21174,21151,21169,21175,21183,21160,21175
202003031616,21169,21173,21161,21164,21175,21180,21170,21171
202003031617,21164,21164,21147,21155,21171,21175,21158,21160
202003031618,21155,21160,21142,21148,21160,21169,21151,21154
202003031619,21148,21155,21140,21150,21154,21164,21144,21162
202003031620,21150,21150,21140,21140,21162,21162,21144,21149
202003031621,21140,21141,21130,21130,21149,21149,21137,21137
202003031622,21130,21140,21121,21130,21137,21147,21130,21142
202003031623,21130,21135,21124,21129,21142,21143,21132,21139
202003031624,21129,21141,21128,21141,21139,21150,21139,21148
202003031625,21140,21142,21128,21130,21147,21149,21135,21137
202003031626,21130,21140,21114,21130,21137,21148,21120,21135
202003031627,21130,21147,21126,21137,21135,21152,21135,21146
202003031628,21137,21146,21135,21140,21146,21154,21139,21144
202003031629,21140,21140,21115,21115,21144,21144,21122,21122
202003031630,21120,21125,21097,21100,21126,21131,21101,21103
202003031631,21100,21116,21087,21091,21103,21120,21092,21094
202003031632,21090,21101,21081,21091,21094,21105,21085,21095
202003031633,21091,21106,21085,21093,21095,21108,21090,21097
202003031634,21093,21094,21068,21077,21097,21099,21074,21079
202003031635,21077,21082,21066,21068,21079,21088,21069,21073
202003031636,21068,21081,21062,21066,21073,21084,21066,21070
202003031637,21066,21066,21054,21064,21069,21071,21058,21068
202003031638,21065,21079,21062,21069,21068,21083,21067,21073
202003031639,21070,21070,21053,21064,21073,21073,21058,21068
202003031640,21064,21076,21063,21076,21068,21081,21068,21080
202003031641,21076,21107,21074,21105,21079,21112,21078,21110
202003031642,21105,21113,21102,21105,21110,21117,21106,21110
202003031643,21106,21119,21106,21111,21110,21123,21110,21116
202003031644,21111,21131,21108,21111,21115,21134,21113,21115
202003031645,21111,21112,21101,21102,21115,21116,21104,21107
202003031646,21102,21102,21071,21073,21107,21107,21075,21078
202003031647,21073,21086,21071,21083,21078,21089,21074,21088
202003031648,21083,21087,21074,21084,21088,21094,21078,21089
202003031649,21084,21084,21069,21070,21088,21088,21073,21075
202003031650,21070,21082,21069,21081,21075,21087,21074,21084
202003031651,21080,21107,21076,21105,21084,21111,21080,21108
202003031652,21105,21105,21087,21090,21108,21108,21090,21093
202003031653,21090,21091,21079,21087,21093,21094,21083,21092
202003031654,21087,21103,21087,21101,21092,21108,21092,21104
202003031655,21101,21108,21099,21106,21104,21114,21103,21109
202003031656,21106,21142,21106,21142,21109,21145,21108,21144
202003031657,21142,21147,21127,21147,21145,21151,21130,21151
202003031658,21147,21186,21147,21185,21150,21190,21150,21189
202003031659,21186,21215,21182,21212,21189,21219,21186,21215
202003031700,21211,21211,21183,21195,21214,21216,21188,21199
202003031701,21195,21221,21195,21205,21200,21224,21200,21209
202003031702,21205,21205,21177,21178,21208,21208,21181,21183
202003031703,21178,21193,21178,21181,21183,21198,21183,21184
202003031704,21181,21194,21172,21176,21184,21199,21176,21180
202003031705,21176,21181,21140,21141,21180,21184,21144,21144
202003031706,21141,21159,21140,21142,21144,21164,21144,21147
202003031707,21142,21147,21122,21123,21147,21152,21128,21128
202003031708,21124,21140,21102,21127,21128,21143,21106,21132
202003031709,21127,21143,21120,21143,21132,21148,21124,21148
202003031710,21142,21162,21134,21161,21147,21167,21138,21165
202003031711,21161,21195,21159,21183,21166,21198,21163,21188
202003031712,21184,21216,21176,21210,21189,21219,21180,21214
202003031713,21210,21246,21206,21242,21214,21249,21209,21247
202003031714,21242,21256,21221,21256,21247,21259,21224,21259
202003031715,21253,21255,21227,21239,21258,21258,21230,21243
202003031716,21240,21267,21240,21261,21244,21273,21244,21265
202003031717,21261,21286,21257,21277,21265,21290,21260,21282
202003031718,21277,21280,21259,21263,21282,21285,21265,21268
202003031719,21263,21288,21263,21286,21268,21293,21268,21292
202003031720,21290,21292,21271,21276,21293,21297,21275,21280
202003031721,21277,21288,21271,21287,21281,21293,21275,21291
202003031722,21287,21301,21279,21282,21290,21304,21283,21287
202003031723,21282,21296,21275,21290,21287,21299,21278,21293
202003031724,21290,21292,21276,21286,21293,21297,21279,21293
202003031725,21286,21292,21277,21283,21293,21296,21282,21288
202003031726,21283,21290,21270,21272,21288,21294,21276,21276
202003031727,21272,21280,21257,21266,21277,21285,21262,21271
202003031728,21267,21270,21256,21262,21271,21273,21260,21267
202003031729,21262,21266,21257,21262,21267,21271,21262,21267
202003031730,21262,21279,21262,21270,21267,21284,21267,21273
202003031731,21270,21287,21269,21285,21273,21290,21273,21288
202003031732,21284,21314,21281,21314,21288,21318,21285,21318
202003031733,21313,21322,21301,21321,21318,21325,21304,21324
202003031734,21321,21335,21319,21330,21323,21339,21323,21335
202003031735,21328,21348,21321,21346,21333,21353,21325,21350
202003031736,21346,21359,21341,21359,21350,21363,21343,21363
202003031737,21358,21364,21352,21362,21363,21369,21357,21367
202003031738,21362,21365,21356,21362,21365,21369,21360,21367
202003031739,21362,21372,21356,21360,21367,21374,21359,21363
202003031740,21360,21362,21343,21343,21363,21366,21347,21347
202003031741,21344,21351,21337,21342,21348,21354,21340,21343
202003031742,21342,21360,21334,21358,21344,21364,21338,21363
202003031743,21358,21367,21346,21362,21363,21372,21350,21367
202003031744,21362,21365,21331,21339,21365,21368,21333,21343
202003031745,21340,21341,21328,21329,21343,21344,21332,21334
202003031746,21328,21341,21319,21341,21333,21344,21323,21343
202003031747,21339,21352,21329,21351,21344,21357,21333,21356
202003031748,21352,21362,21328,21337,21356,21367,21333,21340
202003031749,21337,21342,21319,21321,21340,21343,21323,21324
202003031750,21320,21322,21298,21306,21325,21327,21303,21311
202003031751,21305,21313,21299,21312,21311,21318,21303,21316
202003031752,21312,21314,21291,21291,21316,21319,21295,21296
202003031753,21291,21297,21281,21282,21296,21299,21285,21285
202003031754,21282,21291,21276,21276,21285,21294,21279,21282
202003031755,21276,21284,21271,21284,21280,21288,21275,21288
202003031756,21285,21291,21281,21286,21288,21294,21285,21292
202003031757,21286,21288,21271,21276,21291,21293,21274,21281
202003031758,21276,21293,21276,21291,21281,21298,21279,21295
202003031759,21291,21307,21289,21296,21296,21312,21294,21299
202003031800,21296,21298,21281,21281,21300,21303,21283,21284
202003031801,21281,21287,21266,21266,21284,21291,21268,21269
202003031802,21266,21277,21261,21274,21269,21282,21264,21278
202003031803,21274,21282,21266,21266,21278,21286,21271,21271
202003031804,21267,21267,21255,21257,21270,21274,21258,21258
202003031805,21256,21268,21251,21258,21258,21274,21256,21263
202003031806,21257,21277,21257,21277,21262,21281,21262,21279
202003031807,21276,21281,21267,21271,21279,21284,21270,21274
202003031808,21271,21272,21251,21262,21274,21276,21255,21266
202003031809,21262,21282,21259,21278,21266,21287,21263,21283
202003031810,21279,21292,21276,21287,21283,21297,21283,21291
202003031811,21287,21298,21287,21291,21292,21303,21291,21295
202003031812,21291,21331,21286,21326,21296,21334,21288,21328
202003031813,21327,21329,21303,21317,21329,21334,21308,21320
202003031814,21317,21331,21312,21323,21320,21335,21316,21328
202003031815,21323,21345,21323,21345,21328,21349,21328,21349
202003031816,21343,21357,21336,21346,21349,21362,21338,21353
202003031817,21347,21358,21341,21358,21351,21363,21343,21363
202003031818,21357,21366,21352,21352,21362,21369,21357,21357
202003031819,21352,21366,21352,21365,21357,21369,21357,21368
202003031820,21365,21373,21360,21372,21368,21378,21363,21375
202003031821,21372,21376,21366,21376,21375,21379,21371,21378
202003031822,21376,21376,21352,21355,21378,21379,21354,21358
202003031823,21354,21357,21341,21347,21358,21358,21347,21354
202003031824,21347,21348,21308,21312,21354,21354,21313,21316
202003031825,21312,21322,21311,21320,21316,21324,21313,21323
202003031826,21320,21320,21286,21290,21323,21323,21289,21294
202003031827,21292,21308,21289,21303,21293,21314,21293,21308
202003031828,21303,21322,21301,21317,21308,21327,21305,21321
202003031829,21317,21317,21305,21314,21321,21323,21309,21318
202003031830,21314,21315,21294,21294,21319,21319,21298,21298
202003031831,21295,21301,21288,21296,21298,21304,21293,21300
202003031832,21296,21326,21296,21321,21300,21329,21300,21324
202003031833,21321,21341,21316,21338,21325,21344,21320,21342
202003031834,21338,21342,21326,21326,21343,21345,21328,21330
202003031835,21326,21331,21318,21321,21330,21334,21323,21323
202003031836,21321,21321,21292,21297,21323,21324,21296,21298
202003031837,21296,21317,21296,21317,21299,21322,21299,21319
202003031838,21315,21327,21311,21322,21319,21331,21315,21329
202003031839,21322,21328,21301,21307,21329,21333,21307,21310
202003031840,21307,21315,21294,21312,21310,21319,21298,21316
202003031841,21311,21332,21311,21329,21314,21334,21314,21333
202003031842,21329,21345,21328,21332,21333,21349,21333,21336
202003031843,21331,21333,21321,21332,21334,21338,21323,21337
202003031844,21331,21347,21321,21346,21338,21350,21324,21348
202003031845,21346,21346,21331,21332,21348,21349,21334,21337
202003031846,21332,21343,21331,21342,21337,21348,21335,21347
202003031847,21342,21367,21341,21367,21347,21372,21347,21371
202003031848,21366,21367,21351,21359,21371,21372,21355,21363
202003031849,21359,21380,21359,21376,21363,21384,21363,21381
202003031850,21376,21382,21361,21362,21381,21385,21366,21367
202003031851,21362,21387,21360,21386,21367,21389,21363,21389
202003031852,21386,21386,21361,21363,21389,21389,21364,21368
202003031853,21363,21368,21356,21361,21368,21373,21362,21364
202003031854,21360,21360,21344,21350,21363,21363,21348,21353
202003031855,21349,21353,21343,21353,21353,21358,21348,21358
202003031856,21354,21357,21341,21348,21358,21360,21345,21354
202003031857,21349,21355,21345,21355,21354,21358,21350,21358
202003031858,21355,21359,21347,21356,21359,21364,21352,21360
202003031859,21356,21373,21354,21369,21360,21379,21358,21373
202003031900,21371,21372,21361,21365,21375,21377,21363,21369
202003031901,21362,21381,21362,21372,21367,21384,21367,21377
202003031902,21372,21377,21369,21373,21377,21381,21373,21378
202003031903,21373,21377,21364,21364,21378,21383,21368,21368
202003031904,21363,21376,21356,21371,21368,21379,21361,21378
202003031905,21372,21377,21361,21361,21377,21381,21363,21363
202003031906,21361,21361,21332,21337,21363,21363,21337,21340
202003031907,21337,21337,21317,21323,21340,21342,21322,21328
202003031908,21323,21327,21306,21307,21328,21330,21309,21309
202003031909,21307,21317,21305,21316,21309,21324,21308,21319
202003031910,21316,21336,21316,21330,21319,21339,21319,21333
202003031911,21330,21337,21329,21329,21333,21340,21333,21334
202003031912,21329,21336,21324,21335,21334,21339,21328,21339
202003031913,21335,21335,21321,21321,21339,21339,21326,21326
202003031914,21321,21327,21304,21316,21326,21329,21309,21319
202003031915,21316,21327,21316,21322,21319,21331,21318,21326
202003031916,21322,21335,21316,21330,21326,21339,21321,21334
202003031917,21331,21332,21322,21326,21333,21335,21327,21330
202003031918,21326,21338,21324,21336,21330,21344,21329,21340
202003031919,21336,21351,21335,21342,21340,21354,21339,21345
202003031920,21342,21342,21326,21329,21344,21347,21328,21333
202003031921,21327,21330,21325,21329,21331,21334,21328,21334
202003031922,21329,21335,21326,21333,21334,21339,21329,21338
202003031923,21333,21342,21331,21339,21338,21346,21335,21344
202003031924,21340,21349,21339,21341,21344,21353,21343,21344
202003031925,21341,21349,21336,21338,21344,21353,21340,21343
202003031926,21340,21341,21322,21323,21343,21344,21324,21328
202003031927,21323,21332,21321,21332,21328,21337,21324,21336
202003031928,21333,21340,21331,21336,21338,21343,21334,21340
202003031929,21336,21343,21332,21332,21340,21348,21335,21335
202003031930,21331,21351,21330,21346,21337,21353,21334,21351
202003031931,21346,21356,21346,21353,21351,21358,21351,21358
202003031932,21353,21357,21349,21353,21358,21359,21353,21358
202003031933,21352,21365,21352,21364,21359,21369,21358,21369
202003031934,21364,21365,21336,21341,21369,21369,21340,21345
202003031935,21341,21343,21332,21336,21345,21349,21335,21338
202003031936,21337,21342,21321,21322,21339,21347,21325,21326
202003031937,21322,21327,21321,21321,21326,21331,21324,21326
202003031938,21321,21325,21316,21323,21326,21329,21319,21328
202003031939,21323,21340,21322,21335,21328,21344,21327,21338
202003031940,21334,21345,21331,21337,21338,21348,21335,21339
202003031941,21337,21337,21321,21324,21339,21339,21325,21328
202003031942,21327,21337,21327,21336,21331,21339,21331,21339
202003031943,21334,21335,21321,21322,21339,21339,21325,21327
202003031944,21322,21330,21312,21317,21325,21333,21316,21319
202003031945,21316,21327,21312,21321,21319,21329,21316,21323
202003031946,21321,21325,21311,21311,21323,21329,21316,21316
202003031947,21311,21324,21311,21324,21317,21329,21315,21329
202003031948,21326,21332,21324,21332,21328,21337,21328,21335
202003031949,21332,21338,21321,21322,21335,21343,21324,21327
202003031950,21322,21330,21320,21327,21327,21334,21323,21331
202003031951,21327,21327,21320,21323,21331,21332,21323,21328
202003031952,21324,21327,21311,21317,21328,21332,21316,21321
202003031953,21317,21334,21316,21332,21321,21339,21318,21338
202003031954,21332,21344,21331,21342,21338,21349,21335,21343
202003031955,21342,21345,21331,21331,21343,21349,21333,21333
202003031956,21332,21339,21326,21337,21334,21344,21330,21342
202003031957,21337,21339,21321,21322,21342,21343,21326,21329
202003031958,21321,21338,21320,21337,21326,21342,21324,21339
202003031959,21336,21347,21332,21343,21338,21353,21338,21348
202003032000,21345,21345,21334,21336,21348,21349,21338,21338
202003032001,21336,21341,21334,21337,21338,21344,21338,21342
202003032002,21337,21338,21302,21320,21342,21343,21307,21324
202003032003,21320,21326,21308,21322,21323,21329,21313,21326
202003032004,21322,21322,21302,21312,21325,21326,21306,21316
202003032005,21312,21323,21310,21311,21315,21328,21313,21315
202003032006,21311,21312,21301,21306,21314,21316,21305,21308
202003032007,21306,21306,21273,21281,21309,21309,21278,21284
202003032008,21280,21280,21246,21262,21283,21284,21251,21264
202003032009,21261,21277,21260,21273,21263,21280,21263,21278
202003032010,21273,21282,21261,21263,21278,21284,21263,21268
202003032011,21263,21264,21251,21252,21268,21269,21255,21256
202003032012,21252,21252,21220,21229,21255,21256,21223,21233
202003032013,21229,21257,21222,21246,21233,21261,21225,21250
202003032014,21246,21258,21241,21257,21248,21262,21246,21262
202003032015,21257,21263,21241,21262,21262,21269,21244,21267
202003032016,21263,21264,21250,21256,21268,21269,21253,21262
202003032017,21256,21262,21246,21246,21262,21267,21250,21251
202003032018,21247,21253,21238,21242,21251,21258,21243,21244
202003032019,21241,21262,21241,21260,21245,21266,21244,21264
202003032020,21261,21271,21256,21267,21264,21274,21259,21271
202003032021,21267,21271,21261,21269,21272,21274,21265,21273
202003032022,21269,21281,21265,21273,21273,21284,21268,21278
202003032023,21274,21278,21271,21272,21278,21283,21275,21279
202003032024,21272,21277,21249,21252,21277,21282,21253,21257
202003032025,21253,21256,21234,21240,21258,21261,21238,21245
202003032026,21242,21242,21216,21224,21245,21246,21219,21229
202003032027,21224,21237,21220,21228,21229,21242,21223,21233
202003032028,21228,21232,21211,21212,21233,21234,21215,21215
202003032029,21212,21225,21208,21224,21215,21229,21212,21228
202003032030,21225,21244,21224,21241,21229,21248,21228,21244
202003032031,21241,21255,21238,21251,21244,21258,21243,21253
202003032032,21251,21263,21249,21261,21253,21269,21253,21264
202003032033,21261,21264,21252,21256,21264,21269,21257,21258
202003032034,21256,21263,21250,21261,21259,21268,21254,21264
202003032035,21261,21262,21254,21255,21264,21268,21258,21259
202003032036,21256,21271,21255,21271,21258,21274,21258,21273
202003032037,21272,21277,21259,21274,21274,21279,21263,21279
202003032038,21275,21277,21266,21267,21278,21280,21269,21269
202003032039,21267,21267,21247,21250,21269,21273,21253,21254
202003032040,21250,21257,21242,21249,21254,21261,21247,21254
202003032041,21249,21249,21231,21234,21254,21254,21235,21238
202003032042,21234,21237,21211,21211,21238,21239,21213,21216
202003032043,21212,21233,21211,21232,21214,21238,21214,21236
202003032044,21232,21237,21229,21237,21237,21243,21233,21240
202003032045,21237,21246,21226,21226,21239,21249,21228,21232
202003032046,21227,21231,21221,21231,21231,21234,21224,21233
202003032047,21232,21247,21231,21246,21234,21252,21234,21250
202003032048,21246,21253,21241,21252,21250,21258,21244,21255
202003032049,21252,21252,21231,21231,21256,21257,21237,21238
202003032050,21232,21245,21232,21244,21237,21249,21236,21249
202003032051,21246,21256,21241,21244,21249,21259,21246,21248
202003032052,21244,21255,21238,21247,21248,21259,21243,21250
202003032053,21247,21254,21243,21251,21250,21259,21248,21255
202003032054,21251,21253,21247,21250,21254,21258,21253,21254
202003032055,21250,21264,21248,21262,21255,21268,21254,21266
202003032056,21262,21267,21257,21261,21266,21270,21262,21265
202003032057,21261,21262,21245,21250,21265,21267,21248,21255
202003032058,21249,21266,21246,21265,21253,21270,21250,21269
202003032059,21266,21271,21252,21252,21269,21273,21257,21257
202003032100,21252,21273,21252,21272,21255,21278,21255,21277
202003032101,21273,21281,21270,21281,21278,21283,21275,21283
202003032102,21281,21297,21281,21293,21283,21299,21283,21298
202003032103,21292,21305,21292,21305,21297,21309,21297,21308
202003032104,21305,21310,21301,21306,21308,21313,21304,21312
202003032105,21306,21316,21287,21289,21311,21319,21292,21293
202003032106,21287,21292,21279,21281,21291,21297,21283,21284
202003032107,21281,21296,21281,21293,21284,21299,21283,21298
202003032108,21293,21296,21282,21283,21298,21300,21287,21288
202003032109,21285,21324,21284,21323,21289,21328,21288,21327
202003032110,21322,21327,21306,21321,21327,21330,21309,21325
202003032111,21321,21331,21316,21323,21325,21335,21320,21328
202003032112,21322,21336,21321,21335,21326,21339,21325,21338
202003032113,21335,21338,21326,21327,21339,21343,21328,21331
202003032114,21327,21327,21316,21321,21331,21332,21319,21323
202003032115,21321,21323,21311,21315,21323,21328,21315,21319
202003032116,21315,21324,21312,21321,21319,21329,21316,21325
202003032117,21321,21322,21312,21314,21324,21329,21318,21319
202003032118,21313,21321,21311,21315,21319,21327,21315,21320
202003032119,21315,21331,21313,21325,21320,21334,21319,21329
202003032120,21324,21326,21311,21312,21329,21330,21315,21315
202003032121,21312,21325,21302,21313,21315,21329,21307,21318
202003032122,21313,21321,21311,21311,21318,21324,21314,21314
202003032123,21311,21316,21303,21315,21314,21321,21308,21319
202003032124,21315,21325,21313,21316,21319,21329,21318,21320
202003032125,21316,21324,21305,21305,21321,21329,21309,21310
202003032126,21305,21307,21303,21306,21310,21312,21307,21311
202003032127,21306,21322,21302,21318,21311,21326,21307,21323
202003032128,21318,21327,21315,21322,21323,21329,21320,21329
202003032129,21322,21339,21320,21339,21329,21343,21324,21343
202003032130,21339,21349,21327,21344,21343,21354,21333,21349
202003032131,21344,21362,21344,21361,21349,21366,21349,21366
202003032132,21363,21380,21359,21367,21366,21383,21363,21372
202003032133,21367,21368,21331,21334,21372,21373,21334,21338
202003032134,21332,21344,21318,21323,21337,21348,21324,21329
202003032135,21323,21326,21262,21295,21329,21331,21267,21300
202003032136,21295,21303,21197,21219,21301,21308,21202,21224
202003032137,21220,21246,21205,21219,21224,21250,21210,21225
202003032138,21219,21243,21205,21222,21229,21249,21210,21227
202003032139,21222,21223,21197,21212,21227,21228,21202,21218
202003032140,21210,21242,21201,21215,21217,21249,21206,21221
202003032141,21215,21226,21187,21188,21221,21233,21191,21195
202003032142,21190,21206,21186,21199,21196,21214,21190,21207
202003032143,21199,21213,21196,21196,21207,21218,21200,21200
202003032144,21196,21196,21139,21145,21200,21202,21145,21151
202003032145,21145,21158,21137,21146,21151,21165,21143,21154
202003032146,21149,21149,21095,21105,21155,21155,21100,21110
202003032147,21105,21130,21104,21122,21110,21136,21110,21127
202003032148,21122,21136,21096,21133,21126,21144,21100,21140
202003032149,21133,21150,21125,21141,21140,21156,21131,21146
202003032150,21141,21185,21141,21177,21146,21191,21146,21181
202003032151,21176,21176,21135,21141,21180,21180,21140,21146
202003032152,21141,21155,21134,21148,21147,21163,21139,21154
202003032153,21148,21160,21134,21152,21154,21164,21140,21158
202003032154,21152,21156,21136,21138,21158,21161,21141,21144
202003032155,21139,21140,21109,21121,21144,21144,21114,21125
202003032156,21121,21161,21120,21160,21127,21166,21125,21164
202003032157,21161,21180,21149,21179,21164,21184,21155,21183
202003032158,21178,21187,21167,21174,21183,21192,21172,21179
202003032159,21175,21176,21156,21158,21179,21181,21160,21163
202003032200,21157,21157,21126,21133,21162,21162,21133,21137
202003032201,21132,21136,21122,21132,21137,21141,21125,21135
202003032202,21132,21147,21115,21134,21136,21150,21118,21139
202003032203,21137,21143,21122,21125,21141,21148,21126,21128
202003032204,21125,21135,21117,21117,21128,21138,21121,21122
202003032205,21117,21126,21105,21106,21121,21130,21109,21110
202003032206,21107,21116,21097,21099,21111,21119,21102,21104
202003032207,21099,21123,21099,21117,21103,21128,21103,21121
202003032208,21117,21137,21116,21130,21122,21142,21121,21135
202003032209,21130,21133,21115,21115,21135,21138,21120,21120
202003032210,21115,21142,21107,21140,21119,21147,21112,21145
202003032211,21140,21140,21112,21112,21145,21145,21115,21116
202003032212,21112,21115,21093,21105,21116,21120,21099,21110
202003032213,21106,21143,21104,21135,21110,21148,21109,21141
202003032214,21136,21160,21136,21152,21140,21164,21140,21156
202003032215,21152,21158,21137,21158,21156,21163,21141,21163
202003032216,21161,21165,21141,21147,21164,21168,21147,21150
202003032217,21147,21151,21132,21136,21150,21154,21137,21141
202003032218,21136,21155,21130,21153,21141,21159,21134,21158
202003032219,21153,21175,21153,21172,21158,21179,21158,21177
202003032220,21171,21187,21154,21181,21178,21189,21160,21188
202003032221,21182,21196,21181,21190,21186,21199,21185,21194
202003032222,21190,21192,21182,21188,21194,21194,21185,21192
202003032223,21188,21195,21182,21191,21193,21199,21185,21195
202003032224,21191,21221,21189,21218,21193,21224,21193,21224
202003032225,21219,21236,21211,21231,21224,21239,21213,21235
202003032226,21231,21275,21227,21272,21234,21280,21229,21277
202003032227,21272,21285,21247,21247,21275,21289,21251,21251
202003032228,21247,21257,21237,21252,21251,21260,21242,21257
202003032229,21252,21267,21251,21254,21257,21270,21255,21259
202003032230,21255,21257,21238,21242,21259,21262,21243,21246
202003032231,21242,21246,21222,21226,21246,21249,21226,21233
202003032232,21228,21245,21225,21232,21233,21248,21229,21235
202003032233,21232,21246,21231,21232,21236,21249,21234,21236
202003032234,21231,21253,21231,21243,21235,21257,21235,21247
202003032235,21243,21245,21218,21226,21247,21249,21223,21229
202003032236,21225,21260,21225,21246,21229,21264,21229,21250
202003032237,21246,21251,21222,21227,21250,21255,21226,21232
202003032238,21226,21235,21211,21211,21231,21239,21216,21216
202003032239,21215,21220,21186,21190,21219,21226,21189,21194
202003032240,21188,21197,21178,21185,21193,21202,21183,21189
202003032241,21185,21205,21180,21185,21189,21209,21185,21190
202003032242,21185,21192,21174,21187,21190,21196,21178,21192
202003032243,21186,21196,21186,21193,21190,21199,21189,21198
202003032244,21193,21194,21180,21192,21198,21198,21184,21197
202003032245,21192,21192,21164,21165,21195,21197,21169,21169
202003032246,21167,21175,21161,21166,21170,21180,21164,21171
202003032247,21167,21184,21167,21180,21172,21189,21172,21185
202003032248,21180,21185,21169,21185,21185,21189,21173,21189
202003032249,21185,21194,21184,21191,21189,21198,21188,21194
202003032250,21190,21220,21190,21220,21194,21224,21194,21223
202003032251,21220,21220,21201,21205,21223,21224,21207,21210
202003032252,21207,21210,21197,21204,21211,21214,21201,21209
202003032253,21204,21213,21203,21206,21209,21219,21208,21209
202003032254,21206,21215,21198,21204,21209,21219,21203,21208
202003032255,21203,21223,21201,21219,21208,21228,21205,21224
202003032256,21218,21226,21212,21216,21224,21229,21218,21221
202003032257,21216,21216,21190,21199,21221,21221,21194,21204
202003032258,21200,21220,21199,21216,21204,21224,21203,21221
202003032259,21216,21225,21209,21218,21221,21228,21214,21223
202003032300,21219,21220,21197,21205,21223,21223,21200,21210
202003032301,21204,21220,21195,21218,21210,21223,21199,21223
202003032302,21218,21231,21216,21225,21223,21236,21220,21230
202003032303,21225,21231,21217,21219,21230,21236,21221,21224
202003032304,21219,21233,21216,21227,21224,21238,21220,21233
202003032305,21227,21245,21221,21243,21230,21249,21224,21248
202003032306,21243,21257,21235,21251,21248,21262,21239,21255
202003032307,21251,21261,21246,21247,21254,21266,21250,21252
202003032308,21247,21261,21247,21252,21252,21264,21251,21257
202003032309,21252,21256,21248,21250,21257,21259,21253,21254
202003032310,21250,21260,21231,21238,21254,21264,21237,21243
202003032311,21238,21240,21220,21227,21243,21244,21225,21231
202003032312,21227,21240,21222,21237,21231,21245,21228,21242
202003032313,21236,21244,21230,21230,21241,21249,21235,21235
202003032314,21231,21239,21227,21239,21235,21243,21233,21243
202003032315,21238,21255,21235,21255,21243,21259,21239,21258
202003032316,21255,21256,21243,21250,21258,21260,21249,21255
202003032317,21250,21270,21250,21268,21255,21277,21255,21273
202003032318,21268,21273,21261,21266,21273,21278,21265,21270
202003032319,21266,21274,21261,21261,21270,21279,21265,21265
202003032320,21260,21272,21260,21267,21263,21277,21263,21270
202003032321,21267,21271,21265,21267,21270,21276,21269,21271
202003032322,21267,21274,21261,21272,21271,21278,21264,21277
202003032323,21272,21296,21269,21296,21275,21299,21273,21299
202003032324,21296,21301,21280,21291,21299,21304,21284,21295
202003032325,21291,21295,21281,21285,21295,21299,21285,21289
202003032326,21285,21290,21281,21282,21289,21294,21284,21286
202003032327,21281,21286,21276,21280,21285,21290,21279,21285
202003032328,21280,21311,21280,21305,21285,21318,21285,21308
202003032329,21304,21307,21295,21295,21308,21314,21300,21301
202003032330,21292,21293,21221,21224,21298,21299,21227,21230
202003032331,21224,21258,21219,21222,21230,21265,21225,21227
202003032332,21220,21229,21191,21199,21226,21236,21197,21206
202003032333,21199,21234,21199,21233,21205,21241,21205,21240
202003032334,21234,21234,21175,21182,21240,21240,21180,21189
202003032335,21182,21184,21142,21145,21188,21189,21147,21151
202003032336,21145,21150,21131,21134,21153,21155,21134,21140
202003032337,21132,21136,21121,21122,21137,21141,21126,21126
202003032338,21122,21145,21116,21144,21126,21150,21119,21148
202003032339,21143,21160,21126,21160,21148,21165,21130,21165
202003032340,21160,21165,21152,21159,21165,21174,21159,21165
202003032341,21158,21158,21135,21155,21165,21165,21140,21160
202003032342,21155,21176,21139,21176,21161,21183,21145,21183
202003032343,21177,21177,21160,21164,21184,21184,21165,21174
202003032344,21168,21168,21142,21144,21173,21173,21147,21149
202003032345,21145,21155,21106,21111,21150,21160,21110,21116
202003032346,21111,21129,21105,21123,21115,21134,21110,21128
202003032347,21124,21145,21121,21136,21129,21153,21125,21142
202003032348,21137,21138,21111,21118,21143,21145,21115,21123
202003032349,21115,21146,21115,21143,21124,21155,21122,21148
202003032350,21140,21140,21112,21124,21145,21145,21117,21130
202003032351,21124,21127,21116,21116,21130,21132,21120,21120
202003032352,21117,21135,21109,21109,21120,21141,21114,21114
202003032353,21108,21115,21101,21101,21114,21120,21105,21105
202003032354,21101,21101,21080,21097,21105,21105,21085,21104
202003032355,21097,21129,21094,21114,21102,21133,21099,21120
202003032356,21114,21119,21081,21081,21120,21124,21085,21085
202003032357,21081,21120,21077,21105,21085,21124,21081,21111
202003032358,21105,21125,21105,21124,21111,21129,21111,21128
202003032359,21125,21134,21111,21115,21128,21139,21115,21121
202003040000,21112,21380,21111,21380,21117,21389,21117,21389
202003040001,21379,21428,21364,21416,21390,21438,21382,21428
202003040002,21417,21490,21399,21419,21431,21497,21417,21432
202003040003,21417,21499,21410,21486,21432,21511,21425,21494
202003040004,21486,21497,21419,21439,21493,21510,21434,21451
202003040005,21445,21482,21434,21437,21461,21494,21448,21448
202003040006,21434,21468,21371,21395,21447,21485,21388,21411
202003040007,21401,21408,21320,21320,21416,21420,21337,21337
202003040008,21320,21409,21320,21377,21337,21423,21337,21394
202003040009,21378,21382,21349,21352,21394,21396,21360,21367
202003040010,21356,21423,21356,21370,21373,21439,21373,21380
202003040011,21372,21372,21302,21303,21385,21385,21316,21317
202003040012,21303,21328,21288,21306,21317,21340,21301,21318
202003040013,21304,21323,21244,21252,21316,21336,21256,21264
202003040014,21254,21291,21222,21223,21265,21301,21232,21236
202003040015,21224,21224,21110,21126,21236,21236,21123,21139
202003040016,21128,21196,21125,21195,21142,21208,21137,21208
202003040017,21196,21198,21134,21143,21208,21210,21143,21154
202003040018,21142,21191,21123,21170,21152,21199,21134,21182
202003040019,21170,21181,21140,21142,21182,21191,21148,21151
202003040020,21142,21194,21140,21180,21151,21200,21146,21192
202003040021,21179,21187,21155,21178,21190,21197,21162,21189
202003040022,21182,21263,21167,21258,21193,21275,21177,21268
202003040023,21260,21264,21227,21261,21269,21277,21237,21271
202003040024,21259,21297,21230,21288,21269,21306,21238,21301
202003040025,21288,21291,21253,21258,21298,21303,21263,21268
202003040026,21259,21313,21258,21309,21270,21324,21268,21319
202003040027,21309,21321,21283,21288,21321,21331,21294,21304
202003040028,21286,21316,21277,21277,21301,21326,21288,21288
202003040029,21277,21282,21223,21235,21288,21292,21231,21246
202003040030,21237,21293,21225,21293,21247,21305,21233,21303
202003040031,21296,21296,21253,21254,21306,21306,21262,21262
202003040032,21253,21253,21204,21204,21262,21262,21213,21213
202003040033,21204,21264,21204,21243,21213,21271,21211,21253
202003040034,21243,21268,21229,21230,21253,21276,21236,21238
202003040035,21231,21259,21220,21258,21239,21266,21229,21265
202003040036,21258,21272,21238,21265,21266,21279,21245,21271
202003040037,21264,21305,21244,21299,21271,21311,21252,21307
202003040038,21299,21305,21280,21288,21306,21313,21287,21295
202003040039,21287,21289,21262,21262,21294,21295,21266,21267
202003040040,21262,21295,21240,21292,21270,21299,21248,21298
202003040041,21290,21314,21288,21313,21299,21320,21296,21319
202003040042,21313,21313,21291,21298,21319,21320,21300,21306
202003040043,21297,21319,21297,21314,21305,21327,21305,21323
202003040044,21313,21313,21284,21297,21322,21322,21291,21305
202003040045,21297,21319,21294,21306,21305,21327,21301,21313
202003040046,21305,21314,21290,21293,21313,21320,21299,21301
202003040047,21291,21299,21230,21244,21300,21306,21237,21250
202003040048,21244,21258,21231,21241,21250,21266,21235,21248
202003040049,21242,21243,21203,21206,21248,21251,21210,21216
202003040050,21209,21239,21207,21237,21217,21245,21215,21244
202003040051,21237,21246,21185,21193,21244,21255,21192,21201
202003040052,21193,21220,21184,21200,21201,21227,21191,21208
202003040053,21200,21201,21175,21192,21208,21210,21185,21201
202003040054,21192,21200,21175,21196,21200,21209,21181,21204
202003040055,21197,21244,21183,21233,21203,21249,21191,21243
202003040056,21234,21254,21216,21253,21243,21263,21222,21261
202003040057,21251,21275,21250,21254,21259,21281,21258,21263
202003040058,21251,21295,21251,21290,21260,21298,21257,21298
202003040059,21290,21296,21278,21289,21297,21303,21286,21296
202003040100,21289,21310,21274,21310,21296,21314,21283,21314
202003040101,21309,21310,21286,21289,21313,21315,21295,21296
202003040102,21289,21292,21260,21260,21296,21299,21268,21268
202003040103,21260,21266,21241,21250,21268,21276,21250,21258
202003040104,21250,21259,21225,21240,21258,21266,21236,21245
202003040105,21240,21240,21179,21189,21246,21246,21186,21197
202003040106,21187,21193,21169,21191,21196,21201,21178,21200
202003040107,21191,21213,21175,21176,21200,21223,21182,21185
202003040108,21177,21178,21154,21171,21186,21186,21162,21180
202003040109,21171,21179,21152,21159,21180,21188,21160,21166
202003040110,21159,21159,21140,21145,21166,21166,21144,21153
202003040111,21146,21149,21130,21144,21155,21160,21138,21149
202003040112,21139,21139,21095,21105,21149,21149,21100,21111
202003040113,21105,21115,21089,21089,21111,21124,21095,21097
202003040114,21089,21105,21080,21090,21096,21114,21085,21095
202003040115,21090,21161,21090,21161,21095,21171,21095,21171
202003040116,21159,21159,21126,21132,21169,21169,21136,21142
202003040117,21131,21152,21123,21123,21141,21161,21132,21132
202003040118,21125,21125,21095,21110,21136,21136,21103,21119
202003040119,21110,21120,21096,21102,21121,21129,21103,21111
202003040120,21102,21114,21073,21078,21111,21120,21079,21085
202003040121,21077,21092,21065,21074,21085,21100,21072,21080
202003040122,21074,21123,21065,21109,21080,21130,21073,21117
202003040123,21109,21109,21027,21030,21117,21117,21035,21039
202003040124,21030,21041,21011,21014,21039,21050,21017,21021
202003040125,21014,21025,20982,20984,21021,21032,20987,20991
202003040126,20984,20994,20962,20993,20991,20999,20970,20999
202003040127,20993,21002,20960,20997,20999,21010,20969,21005
202003040128,20995,21034,20984,21028,21003,21046,20991,21037
202003040129,21034,21034,20961,20974,21043,21043,20967,20981
202003040130,20972,20990,20956,20968,20982,21001,20964,20974
202003040131,20968,21009,20968,20983,20974,21017,20974,20991
202003040132,20981,21007,20974,20987,20990,21015,20981,20994
202003040133,20985,20999,20966,20999,20994,21004,20973,21004
202003040134,20999,21036,20978,21036,21004,21045,20985,21045
202003040135,21038,21066,21008,21012,21046,21076,21016,21021
202003040136,21009,21015,20976,20995,21017,21024,20985,21004
202003040137,20994,21014,20983,21009,21002,21021,20990,21018
202003040138,21011,21040,21009,21019,21021,21048,21017,21026
202003040139,21018,21048,21007,21045,21026,21056,21015,21053
202003040140,21047,21074,21033,21074,21054,21081,21041,21081
202003040141,21074,21081,21041,21044,21081,21091,21051,21052
202003040142,21046,21059,21039,21043,21055,21067,21047,21052
202003040143,21043,21045,21018,21025,21052,21055,21027,21032
202003040144,21025,21061,21014,21059,21032,21070,21024,21068
202003040145,21059,21078,21039,21040,21067,21086,21047,21048
202003040146,21040,21068,21039,21042,21048,21075,21047,21050
202003040147,21044,21055,21012,21032,21051,21063,21020,21041
202003040148,21031,21043,21011,21012,21041,21050,21020,21020
202003040149,21013,21028,21013,21018,21021,21036,21021,21026
202003040150,21017,21059,21013,21042,21025,21066,21021,21051
202003040151,21043,21062,21033,21060,21051,21070,21042,21068
202003040152,21060,21105,21053,21075,21068,21111,21061,21084
202003040153,21074,21114,21074,21114,21082,21121,21082,21121
202003040154,21109,21140,21109,21119,21119,21147,21119,21128
202003040155,21120,21121,21098,21108,21129,21130,21106,21117
202003040156,21108,21129,21108,21118,21117,21139,21113,21126
202003040157,21117,21133,21113,21129,21126,21139,21121,21136
202003040158,21129,21154,21122,21140,21137,21162,21131,21148
202003040159,21142,21148,21134,21144,21150,21155,21141,21151
202003040200,21145,21146,21115,21131,21154,21155,21121,21138
202003040201,21131,21131,21105,21105,21138,21138,21109,21114
202003040202,21105,21122,21101,21117,21114,21130,21108,21125
202003040203,21117,21131,21115,21130,21125,21139,21121,21134
202003040204,21130,21146,21111,21146,21134,21153,21119,21153
202003040205,21146,21172,21146,21170,21153,21180,21153,21175
202003040206,21170,21182,21140,21140,21175,21185,21145,21148
202003040207,21140,21155,21133,21152,21149,21162,21139,21159
202003040208,21152,21176,21150,21170,21159,21184,21159,21179
202003040209,21170,21186,21160,21185,21179,21195,21164,21189
202003040210,21185,21188,21166,21171,21189,21195,21174,21180
202003040211,21171,21180,21150,21156,21180,21186,21156,21165
202003040212,21156,21170,21145,21146,21165,21175,21151,21155
202003040213,21146,21167,21141,21142,21155,21174,21149,21149
202003040214,21142,21152,21117,21122,21149,21155,21123,21124
202003040215,21122,21127,21110,21125,21124,21134,21118,21133
202003040216,21125,21131,21112,21116,21133,21140,21119,21123
202003040217,21116,21117,21110,21110,21123,21125,21115,21119
202003040218,21110,21120,21093,21110,21119,21129,21100,21119
202003040219,21110,21116,21093,21104,21119,21125,21102,21109
202003040220,21104,21106,21089,21098,21109,21113,21097,21105
202003040221,21098,21116,21091,21101,21105,21125,21098,21110
202003040222,21101,21132,21101,21124,21110,21140,21109,21130
202003040223,21124,21131,21108,21120,21130,21140,21114,21129
202003040224,21120,21137,21108,21132,21129,21145,21117,21139
202003040225,21132,21150,21126,21131,21139,21156,21133,21140
202003040226,21131,21132,21092,21094,21140,21140,21096,21103
202003040227,21094,21101,21082,21084,21103,21109,21090,21090
202003040228,21084,21084,21066,21075,21090,21090,21069,21079
202003040229,21075,21091,21071,21086,21079,21100,21079,21093
202003040230,21086,21096,21071,21071,21095,21103,21078,21078
202003040231,21071,21085,21070,21070,21078,21090,21074,21076
202003040232,21070,21073,21050,21065,21076,21080,21059,21072
202003040233,21065,21080,21055,21075,21072,21087,21059,21084
202003040234,21075,21079,21061,21061,21084,21085,21068,21068
202003040235,21061,21062,21050,21054,21068,21070,21054,21059
202003040236,21054,21062,21042,21047,21059,21070,21049,21055
202003040237,21047,21071,21047,21059,21055,21079,21055,21067
202003040238,21060,21071,21049,21054,21068,21080,21057,21060
202003040239,21054,21086,21052,21084,21060,21093,21059,21090
202003040240,21084,21096,21067,21094,21090,21100,21074,21099
202003040241,21094,21095,21080,21087,21099,21104,21088,21094
202003040242,21087,21089,21067,21071,21094,21096,21074,21078
202003040243,21071,21085,21069,21071,21078,21090,21074,21080
202003040244,21071,21076,21056,21066,21080,21083,21064,21070
202003040245,21066,21115,21065,21115,21070,21120,21070,21119
202003040246,21115,21126,21101,21126,21119,21130,21108,21130
202003040247,21126,21136,21112,21133,21130,21143,21119,21141
202003040248,21133,21146,21133,21135,21141,21155,21139,21141
202003040249,21135,21142,21120,21121,21141,21153,21125,21128
202003040250,21121,21130,21100,21105,21128,21134,21105,21109
202003040251,21105,21112,21090,21090,21109,21119,21099,21099
202003040252,21090,21094,21076,21081,21099,21100,21078,21085
202003040253,21081,21091,21078,21085,21085,21099,21085,21092
202003040254,21085,21085,21060,21066,21092,21092,21069,21071
202003040255,21066,21081,21060,21065,21071,21085,21068,21069
202003040256,21065,21065,21041,21043,21069,21070,21050,21051
202003040257,21043,21062,21042,21059,21051,21070,21049,21065
202003040258,21059,21077,21056,21077,21065,21085,21063,21084
202003040259,21077,21083,21070,21070,21084,21090,21077,21079
202003040300,21070,21070,21021,21022,21079,21079,21029,21030
202003040301,21022,21031,21017,21030,21030,21039,21024,21036
202003040302,21030,21041,21021,21025,21036,21048,21029,21032
202003040303,21025,21037,21005,21010,21032,21045,21012,21016
202003040304,21010,21020,21000,21020,21016,21024,21009,21024
202003040305,21020,21021,21000,21008,21024,21025,21006,21015
202003040306,21008,21035,21008,21026,21015,21044,21015,21033
202003040307,21026,21031,21011,21019,21035,21040,21020,21025
202003040308,21019,21042,21015,21026,21025,21049,21019,21033
202003040309,21026,21052,21023,21030,21033,21055,21031,21039
202003040310,21030,21052,21029,21036,21039,21059,21035,21043
202003040311,21036,21041,21020,21041,21043,21050,21028,21050
202003040312,21041,21041,21022,21025,21050,21050,21029,21031
202003040313,21025,21025,21005,21006,21034,21034,21009,21015
202003040314,21006,21011,20991,21000,21015,21019,21000,21006
202003040315,21000,21021,21000,21010,21006,21030,21004,21017
202003040316,21010,21011,20995,20995,21017,21019,21001,21004
202003040317,20995,21011,20990,20995,21004,21015,20999,21000
202003040318,20995,21001,20990,20992,21000,21009,20995,21000
202003040319,20992,20997,20964,20975,21000,21005,20971,20980
202003040320,20975,20997,20970,20996,20980,21005,20978,21003
202003040321,20996,20996,20935,20936,21003,21003,20939,20939
202003040322,20936,20955,20931,20947,20939,20960,20939,20954
202003040323,20947,20955,20940,20940,20954,20960,20944,20949
202003040324,20940,20942,20920,20927,20949,20950,20925,20931
202003040325,20927,20935,20917,20925,20931,20941,20923,20929
202003040326,20925,20925,20887,20894,20929,20931,20895,20902
202003040327,20895,20896,20880,20886,20904,20904,20888,20890
202003040328,20886,20906,20885,20906,20890,20914,20890,20913
202003040329,20906,20936,20898,20933,20913,20945,20905,20940
202003040330,20933,20933,20905,20911,20940,20940,20910,20914
202003040331,20911,20921,20891,20895,20914,20925,20896,20903
202003040332,20895,20897,20885,20891,20903,20904,20889,20898
202003040333,20891,20932,20885,20930,20898,20940,20893,20937
202003040334,20930,20955,20916,20944,20937,20960,20924,20950
202003040335,20944,20956,20925,20951,20950,20965,20934,20960
202003040336,20951,20951,20935,20936,20960,20960,20940,20945
202003040337,20936,20940,20910,20920,20945,20949,20915,20927
202003040338,20920,20932,20916,20921,20927,20939,20923,20930
202003040339,20921,20932,20919,20928,20930,20939,20925,20935
202003040340,20928,20928,20905,20905,20935,20935,20909,20913
202003040341,20905,20906,20880,20891,20913,20915,20889,20895
202003040342,20891,20892,20880,20880,20895,20900,20884,20884
202003040343,20880,20885,20855,20856,20884,20890,20863,20865
202003040344,20856,20859,20845,20846,20865,20865,20854,20855
202003040345,20846,20864,20845,20861,20855,20870,20854,20868
202003040346,20861,20881,20860,20866,20868,20890,20867,20875
202003040347,20866,20867,20850,20855,20875,20875,20859,20863
202003040348,20855,20871,20846,20855,20863,20879,20855,20860
202003040349,20855,20861,20841,20841,20860,20870,20849,20850
202003040350,20841,20866,20841,20865,20850,20875,20849,20874
202003040351,20865,20867,20851,20855,20874,20875,20859,20859
202003040352,20855,20855,20817,20823,20859,20860,20824,20830
202003040353,20823,20836,20816,20826,20830,20845,20825,20833
202003040354,20826,20841,20820,20827,20833,20850,20829,20833
202003040355,20827,20828,20815,20817,20833,20835,20822,20824
202003040356,20817,20820,20806,20808,20824,20825,20810,20814
202003040357,20808,20847,20800,20801,20814,20851,20805,20808
202003040358,20811,20835,20810,20812,20814,20844,20814,20818
202003040359,20812,20812,20770,20780,20818,20818,20779,20789
202003040400,20780,20821,20775,20791,20789,20830,20783,20800
202003040401,20791,20816,20790,20800,20800,20825,20794,20806
202003040402,20800,20801,20780,20783,20806,20810,20789,20790
202003040403,20783,20786,20745,20751,20790,20794,20753,20760
202003040404,20748,20752,20735,20746,20755,20760,20741,20755
202003040405,20746,20750,20716,20717,20755,20755,20724,20725
202003040406,20717,20721,20675,20686,20725,20730,20678,20693
202003040407,20686,20737,20686,20727,20693,20744,20693,20733
202003040408,20727,20751,20715,20731,20733,20758,20724,20737
202003040409,20730,20731,20685,20685,20739,20739,20691,20694
202003040410,20685,20696,20678,20691,20694,20704,20685,20700
202003040411,20691,20756,20685,20741,20700,20765,20694,20750
202003040412,20741,20771,20730,20730,20750,20780,20734,20734
202003040413,20730,20780,20725,20775,20734,20789,20734,20784
202003040414,20775,20785,20753,20785,20784,20794,20760,20794
202003040415,20785,20792,20751,20771,20794,20800,20760,20780
202003040416,20771,20771,20728,20736,20780,20780,20735,20745
202003040417,20736,20746,20721,20721,20745,20754,20730,20730
202003040418,20721,20730,20708,20716,20730,20739,20713,20725
202003040419,20716,20737,20710,20715,20725,20745,20718,20720
202003040420,20715,20715,20688,20703,20720,20720,20694,20710
202003040421,20703,20756,20703,20726,20710,20765,20710,20735
202003040422,20726,20765,20715,20760,20735,20772,20723,20766
202003040423,20760,20761,20711,20711,20766,20770,20720,20720
202003040424,20711,20722,20695,20707,20720,20730,20704,20714
202003040425,20707,20747,20705,20737,20714,20755,20710,20745
202003040426,20737,20752,20730,20748,20745,20760,20739,20755
202003040427,20750,20780,20735,20775,20757,20787,20744,20782
202003040428,20775,20817,20771,20805,20782,20825,20779,20814
202003040429,20805,20831,20805,20818,20814,20840,20814,20825
202003040430,20818,20827,20805,20811,20825,20835,20812,20818
202003040431,20811,20852,20805,20840,20818,20860,20810,20847
202003040432,20840,20877,20840,20877,20847,20886,20847,20884
202003040433,20877,20878,20840,20861,20884,20885,20849,20865
202003040434,20861,20870,20842,20860,20865,20879,20850,20867
202003040435,20860,20860,20798,20823,20867,20867,20808,20830
202003040436,20823,20840,20807,20840,20830,20849,20815,20849
202003040437,20840,20861,20835,20835,20849,20867,20844,20844
202003040438,20835,20846,20800,20800,20844,20855,20805,20805
202003040439,20800,20811,20771,20776,20805,20820,20779,20783
202003040440,20776,20776,20750,20760,20783,20783,20759,20769
202003040441,20760,20778,20757,20769,20769,20785,20765,20775
202003040442,20769,20776,20745,20751,20775,20783,20753,20756
202003040443,20751,20786,20741,20776,20756,20795,20750,20785
202003040444,20776,20783,20761,20770,20785,20790,20770,20779
202003040445,20770,20793,20760,20785,20779,20800,20767,20790
202003040446,20785,20831,20785,20825,20790,20840,20790,20832
202003040447,20825,20836,20805,20836,20832,20845,20813,20843
202003040448,20836,20836,20800,20810,20843,20845,20808,20815
202003040449,20810,20861,20806,20856,20815,20870,20815,20863
202003040450,20856,20861,20820,20827,20863,20870,20829,20834
202003040451,20827,20833,20795,20795,20834,20840,20804,20804
202003040452,20796,20851,20796,20830,20803,20860,20803,20837
202003040453,20830,20856,20825,20845,20837,20864,20834,20854
202003040454,20845,20881,20838,20875,20854,20885,20844,20884
202003040455,20875,20888,20870,20876,20884,20895,20878,20883
202003040456,20876,20886,20853,20882,20883,20893,20860,20889
202003040457,20884,20887,20851,20865,20890,20894,20859,20874
202003040458,20865,20876,20840,20840,20874,20882,20849,20849
202003040459,20840,20866,20840,20866,20849,20872,20849,20870
202003040500,20865,20876,20834,20876,20874,20885,20843,20885
202003040501,20876,20897,20872,20880,20885,20905,20879,20887
202003040502,20880,20892,20871,20885,20887,20900,20878,20892
202003040503,20881,20912,20875,20906,20890,20920,20884,20915
202003040504,20906,20935,20906,20932,20915,20940,20914,20940
202003040505,20932,20933,20891,20893,20940,20940,20900,20900
202003040506,20895,20901,20870,20875,20902,20908,20877,20880
202003040507,20875,20881,20858,20865,20880,20887,20865,20874
202003040508,20865,20871,20850,20855,20874,20879,20857,20861
202003040509,20855,20878,20846,20865,20861,20885,20855,20874
202003040510,20865,20892,20864,20890,20874,20900,20869,20899
202003040511,20890,20971,20890,20971,20899,20978,20895,20978
202003040512,20971,20993,20960,20988,20978,21000,20969,20995
202003040513,20988,21001,20965,21000,20995,21007,20974,21006
202003040514,21000,21009,20980,20995,21006,21015,20989,21004
202003040515,20995,21001,20980,20985,21004,21008,20986,20994
202003040516,20985,20994,20965,20970,20994,21000,20974,20975
202003040517,20970,21013,20966,21013,20975,21020,20975,21020
202003040518,21013,21034,21013,21034,21020,21040,21020,21040
202003040519,21034,21046,21019,21020,21040,21053,21026,21029
202003040520,21020,21035,20994,20996,21029,21043,21000,21005
202003040521,20996,21006,20985,20995,21005,21010,20994,21004
202003040522,20995,21001,20970,20970,21004,21009,20979,20979
202003040523,20970,20985,20926,20931,20979,20991,20930,20938
202003040524,20931,20942,20925,20928,20938,20949,20932,20933
202003040525,20928,20961,20921,20957,20933,20970,20930,20964
202003040526,20957,20980,20943,20979,20964,20988,20951,20988
202003040527,20979,21034,20973,21026,20988,21041,20980,21035
202003040528,21026,21041,21013,21030,21035,21050,21022,21039
202003040529,21030,21047,21011,21040,21039,21055,21020,21049
202003040530,21040,21043,20997,20997,21049,21050,21006,21006
202003040531,20997,20997,20940,20940,21006,21006,20949,20949
202003040532,20940,20945,20900,20938,20949,20954,20907,20945
202003040533,20938,20939,20904,20919,20945,20946,20911,20926
202003040534,20919,20941,20899,20940,20926,20950,20906,20947
202003040535,20940,20959,20926,20929,20947,20966,20935,20936
202003040536,20930,20930,20905,20915,20937,20939,20914,20924
202003040537,20915,20915,20869,20877,20924,20924,20876,20887
202003040538,20877,20877,20848,20854,20887,20887,20857,20863
202003040539,20854,20861,20810,20829,20863,20870,20819,20836
202003040540,20829,20864,20812,20852,20836,20873,20821,20864
202003040541,20852,20946,20852,20921,20864,20955,20862,20930
202003040542,20921,20980,20905,20955,20930,20987,20914,20964
202003040543,20955,20977,20927,20970,20964,20984,20935,20976
202003040544,20970,20996,20966,20985,20976,21005,20975,20992
202003040545,20985,21012,20924,21003,20992,21019,20933,21010
202003040546,21003,21016,20975,20999,21010,21025,20987,21008
202003040547,20999,20999,20947,20980,21008,21008,20955,20989
202003040548,20980,21026,20980,20982,20989,21036,20989,20994
202003040549,20982,20988,20935,20935,20994,20995,20944,20944
202003040550,20931,20931,20880,20889,20940,20940,20889,20896
202003040551,20889,20906,20865,20873,20896,20915,20874,20880
202003040552,20875,20892,20857,20857,20882,20901,20866,20866
202003040553,20856,20879,20852,20866,20865,20888,20861,20878
202003040554,20866,20972,20865,20969,20878,20980,20870,20978
202003040555,20969,21017,20941,20942,20978,21025,20950,20951
202003040556,20942,20942,20871,20880,20951,20951,20880,20889
202003040557,20880,20904,20870,20871,20889,20912,20879,20882
202003040558,20871,20899,20871,20888,20882,20907,20882,20895
202003040559,20888,20931,20887,20905,20895,20940,20895,20914
202003040600,20907,20961,20896,20928,20915,20970,20905,20935
202003040601,20928,20969,20928,20950,20935,20976,20935,20959
202003040602,20950,20986,20948,20986,20959,20994,20955,20993
202003040603,20986,20987,20954,20965,20993,20999,20963,20974
202003040604,20965,20983,20961,20981,20974,20990,20970,20990
202003040605,20981,20986,20970,20973,20990,20990,20978,20980
202003040606,20973,20976,20965,20972,20980,20980,20969,20980
202003040607,20972,20984,20961,20961,20980,20990,20970,20972
202003040608,20961,20974,20954,20974,20972,20981,20961,20981
202003040609,20974,20982,20966,20980,20981,20990,20974,20989
202003040610,20976,20980,20946,20946,20985,20989,20955,20955
202003040611,20946,20966,20941,20950,20955,20975,20950,20959
202003040612,20948,20950,20941,20941,20959,20959,20948,20948
202003040613,20941,20945,20932,20934,20948,20953,20940,20940
202003040614,20934,20934,20857,20862,20940,20940,20866,20874
202003040615,20862,20895,20862,20890,20874,20902,20874,20900
202003040616,20890,20919,20890,20912,20900,20926,20900,20921
202003040617,20912,20914,20908,20908,20921,20921,20915,20915
202003040618,20908,20908,20906,20906,20915,20915,20915,20915
202003040619,20906,20908,20906,20906,20915,20915,20915,20915
202003040620,20906,20906,20902,20902,20915,20915,20911,20911
202003040621,20902,20902,20901,20901,20911,20911,20910,20910
202003040622,20909,20909,20891,20891,20916,20916,20900,20900
202003040623,20891,20894,20888,20894,20900,20905,20900,20901
202003040624,20894,20894,20881,20889,20901,20901,20890,20898
202003040625,20889,20889,20889,20889,20898,20898,20898,20898
202003040626,20889,20889,20889,20889,20898,20898,20898,20898
202003040627,20889,20889,20883,20885,20898,20898,20894,20894
202003040628,20885,20888,20885,20888,20894,20897,20894,20897
202003040629,20888,20888,20880,20880,20897,20897,20890,20892
202003040630,20880,20886,20863,20885,20892,20896,20870,20895
202003040631,20885,20892,20856,20856,20895,20901,20870,20870
202003040632,20855,20867,20835,20844,20869,20876,20844,20853
202003040633,20844,20879,20844,20876,20853,20891,20853,20885
202003040634,20876,20884,20875,20883,20885,20895,20885,20895
202003040635,20883,20884,20861,20869,20895,20895,20871,20881
202003040636,20868,20887,20867,20887,20880,20899,20878,20899
202003040637,20887,20893,20882,20882,20899,20900,20891,20891
202003040638,20882,20885,20875,20880,20891,20895,20882,20894
202003040639,20880,20887,20879,20881,20894,20898,20893,20896
202003040640,20881,20881,20851,20854,20896,20896,20863,20866
202003040641,20854,20858,20853,20857,20866,20871,20865,20869
202003040642,20857,20857,20849,20853,20869,20869,20856,20862
202003040643,20853,20853,20850,20851,20862,20869,20862,20868
202003040644,20851,20862,20849,20858,20868,20877,20863,20877
202003040645,20858,20858,20847,20848,20877,20877,20862,20862
202003040646,20848,20848,20834,20834,20862,20866,20841,20841
202003040647,20834,20844,20831,20833,20841,20853,20841,20845
202003040648,20835,20835,20829,20832,20846,20846,20835,20844
202003040649,20832,20836,20826,20826,20844,20850,20839,20840
202003040650,20826,20835,20826,20832,20840,20848,20840,20841
202003040651,20832,20832,20811,20815,20841,20844,20825,20829
202003040652,20814,20817,20812,20814,20828,20830,20826,20826
202003040653,20814,20814,20812,20814,20826,20829,20826,20828
202003040654,20814,20815,20804,20811,20828,20829,20818,20825
202003040655,20812,20812,20809,20809,20824,20826,20823,20823
202003040656,20809,20831,20809,20831,20823,20840,20823,20840
202003040657,20831,20835,20827,20831,20840,20848,20839,20848
202003040658,20831,20832,20829,20830,20848,20848,20845,20847
202003040659,20834,20839,20830,20835,20851,20851,20843,20844
