日時,始値(BID),高値(BID),安値(BID),終値(BID),始値(ASK),高値(ASK),安値(ASK),終値(ASK)
202009230700,31.32,31.33,31.29,31.33,31.39,31.4,31.39,31.39
202009230701,31.33,31.33,31.29,31.33,31.39,31.39,31.36,31.39
202009230702,31.33,31.34,31.32,31.34,31.39,31.4,31.39,31.4
202009230703,31.34,31.34,31.34,31.34,31.4,31.4,31.4,31.4
202009230704,31.34,31.35,31.34,31.35,31.4,31.41,31.4,31.41
202009230705,31.35,31.35,31.35,31.35,31.41,31.41,31.41,31.41
202009230706,31.34,31.35,31.34,31.34,31.4,31.41,31.4,31.4
202009230707,31.34,31.35,31.34,31.34,31.4,31.41,31.4,31.4
202009230708,31.34,31.34,31.3,31.3,31.4,31.4,31.35,31.36
202009230709,31.3,31.3,31.3,31.3,31.36,31.36,31.35,31.35
202009230710,31.3,31.3,31.29,31.3,31.35,31.35,31.35,31.35
202009230711,31.3,31.3,31.29,31.29,31.35,31.35,31.35,31.35
202009230712,31.29,31.3,31.29,31.29,31.35,31.35,31.35,31.35
202009230713,31.29,31.29,31.29,31.29,31.35,31.35,31.35,31.35
202009230714,31.29,31.3,31.29,31.3,31.35,31.35,31.35,31.35
202009230715,31.3,31.3,31.29,31.3,31.35,31.4,31.35,31.4
202009230716,31.3,31.34,31.3,31.34,31.4,31.4,31.39,31.4
202009230717,31.34,31.36,31.34,31.36,31.4,31.43,31.4,31.42
202009230718,31.36,31.4,31.35,31.35,31.42,31.45,31.42,31.45
202009230719,31.35,31.39,31.35,31.39,31.45,31.45,31.44,31.45
202009230720,31.39,31.39,31.35,31.35,31.45,31.46,31.41,31.41
202009230721,31.35,31.35,31.35,31.35,31.41,31.41,31.41,31.41
202009230722,31.35,31.35,31.35,31.35,31.41,31.41,31.41,31.41
202009230723,31.35,31.35,31.35,31.35,31.41,31.41,31.41,31.41
202009230724,31.35,31.35,31.32,31.34,31.41,31.41,31.39,31.4
202009230725,31.34,31.35,31.34,31.35,31.4,31.41,31.4,31.41
202009230726,31.35,31.35,31.34,31.35,31.41,31.41,31.4,31.41
202009230727,31.35,31.35,31.35,31.35,31.41,31.41,31.41,31.41
202009230728,31.35,31.35,31.35,31.35,31.41,31.41,31.41,31.41
202009230729,31.35,31.35,31.35,31.35,31.41,31.41,31.41,31.41
202009230730,31.35,31.35,31.33,31.34,31.41,31.41,31.39,31.4
202009230731,31.34,31.35,31.33,31.33,31.4,31.41,31.39,31.39
202009230732,31.33,31.35,31.33,31.33,31.39,31.4,31.39,31.39
202009230733,31.33,31.34,31.33,31.34,31.39,31.4,31.39,31.4
202009230734,31.33,31.33,31.25,31.26,31.39,31.39,31.34,31.36
202009230735,31.25,31.29,31.25,31.29,31.35,31.35,31.32,31.35
202009230736,31.29,31.29,31.25,31.27,31.35,31.35,31.32,31.34
202009230737,31.27,31.29,31.27,31.29,31.34,31.35,31.34,31.35
202009230738,31.29,31.3,31.29,31.3,31.35,31.36,31.35,31.36
202009230739,31.3,31.31,31.29,31.3,31.36,31.37,31.35,31.36
202009230740,31.3,31.31,31.29,31.31,31.36,31.37,31.35,31.37
202009230741,31.3,31.3,31.29,31.3,31.36,31.36,31.35,31.36
202009230742,31.3,31.32,31.29,31.3,31.36,31.39,31.36,31.36
202009230743,31.3,31.3,31.29,31.3,31.36,31.36,31.35,31.36
202009230744,31.3,31.31,31.3,31.3,31.36,31.37,31.36,31.36
202009230745,31.3,31.3,31.29,31.29,31.36,31.36,31.35,31.35
202009230746,31.29,31.31,31.29,31.31,31.35,31.38,31.35,31.38
202009230747,31.31,31.31,31.29,31.3,31.38,31.38,31.35,31.36
202009230748,31.3,31.31,31.29,31.31,31.36,31.38,31.35,31.38
202009230749,31.31,31.31,31.3,31.31,31.38,31.4,31.36,31.37
202009230750,31.3,31.31,31.3,31.3,31.36,31.38,31.36,31.36
202009230751,31.3,31.35,31.3,31.34,31.36,31.4,31.36,31.4
202009230752,31.34,31.35,31.34,31.35,31.4,31.4,31.39,31.4
202009230753,31.35,31.37,31.35,31.35,31.4,31.44,31.4,31.41
202009230754,31.35,31.35,31.34,31.34,31.41,31.41,31.4,31.4
202009230755,31.34,31.35,31.34,31.35,31.4,31.41,31.4,31.41
202009230756,31.35,31.35,31.34,31.34,31.41,31.41,31.4,31.4
202009230757,31.34,31.34,31.31,31.32,31.4,31.4,31.38,31.39
202009230758,31.32,31.34,31.32,31.34,31.39,31.4,31.39,31.4
202009230759,31.34,31.35,31.34,31.34,31.4,31.41,31.4,31.4
202009230800,31.34,31.35,31.34,31.35,31.4,31.41,31.4,31.41
202009230801,31.35,31.35,31.34,31.34,31.41,31.41,31.4,31.4
202009230802,31.34,31.35,31.34,31.35,31.4,31.41,31.4,31.41
202009230803,31.35,31.35,31.34,31.34,31.41,31.41,31.4,31.4
202009230804,31.34,31.35,31.34,31.35,31.4,31.41,31.4,31.41
202009230805,31.35,31.35,31.35,31.35,31.41,31.41,31.4,31.41
202009230806,31.35,31.35,31.35,31.35,31.41,31.41,31.4,31.41
202009230807,31.35,31.35,31.34,31.34,31.41,31.41,31.4,31.4
202009230808,31.34,31.35,31.34,31.34,31.4,31.41,31.4,31.4
202009230809,31.34,31.35,31.34,31.34,31.4,31.41,31.4,31.4
202009230810,31.34,31.34,31.34,31.34,31.4,31.4,31.4,31.4
202009230811,31.34,31.35,31.34,31.35,31.4,31.41,31.4,31.41
202009230812,31.34,31.38,31.34,31.38,31.4,31.44,31.4,31.44
202009230813,31.38,31.38,31.35,31.35,31.44,31.44,31.41,31.41
202009230814,31.35,31.35,31.31,31.31,31.41,31.41,31.39,31.41
202009230815,31.31,31.31,31.3,31.3,31.41,31.41,31.35,31.35
202009230816,31.3,31.3,31.3,31.3,31.35,31.35,31.35,31.35
202009230817,31.3,31.3,31.3,31.3,31.35,31.35,31.35,31.35
202009230818,31.3,31.3,31.3,31.3,31.35,31.36,31.35,31.36
202009230819,31.3,31.32,31.3,31.32,31.36,31.39,31.36,31.39
202009230820,31.32,31.34,31.32,31.34,31.39,31.4,31.39,31.4
202009230821,31.34,31.34,31.34,31.34,31.4,31.4,31.4,31.4
202009230822,31.34,31.34,31.32,31.34,31.4,31.4,31.39,31.4
202009230823,31.34,31.34,31.3,31.31,31.4,31.4,31.35,31.38
202009230824,31.31,31.31,31.29,31.29,31.38,31.38,31.35,31.35
202009230825,31.29,31.29,31.29,31.29,31.35,31.35,31.35,31.35
202009230826,31.29,31.29,31.29,31.29,31.35,31.35,31.35,31.35
202009230827,31.29,31.29,31.29,31.29,31.35,31.35,31.35,31.35
202009230828,31.29,31.29,31.29,31.29,31.35,31.35,31.35,31.35
202009230829,31.29,31.29,31.29,31.29,31.35,31.35,31.35,31.35
202009230830,31.3,31.3,31.29,31.3,31.36,31.36,31.35,31.36
202009230831,31.3,31.3,31.29,31.29,31.36,31.36,31.35,31.35
202009230832,31.29,31.29,31.29,31.29,31.35,31.35,31.35,31.35
202009230833,31.29,31.3,31.29,31.3,31.35,31.36,31.35,31.36
202009230834,31.3,31.3,31.3,31.3,31.36,31.36,31.36,31.36
202009230835,31.3,31.3,31.3,31.3,31.36,31.36,31.36,31.36
202009230836,31.3,31.3,31.26,31.27,31.36,31.37,31.32,31.37
202009230837,31.27,31.3,31.26,31.29,31.37,31.37,31.33,31.35
202009230838,31.29,31.29,31.25,31.28,31.35,31.35,31.34,31.34
202009230839,31.28,31.28,31.27,31.27,31.34,31.34,31.34,31.34
202009230840,31.27,31.28,31.25,31.25,31.34,31.35,31.34,31.35
202009230841,31.25,31.28,31.25,31.28,31.35,31.35,31.32,31.34
202009230842,31.28,31.28,31.27,31.28,31.34,31.34,31.34,31.34
202009230843,31.28,31.3,31.28,31.3,31.34,31.35,31.34,31.35
202009230844,31.3,31.3,31.25,31.25,31.35,31.35,31.32,31.35
202009230845,31.25,31.28,31.25,31.25,31.35,31.35,31.32,31.35
202009230846,31.25,31.28,31.25,31.27,31.35,31.35,31.34,31.34
202009230847,31.27,31.27,31.25,31.26,31.34,31.35,31.32,31.32
202009230848,31.26,31.26,31.26,31.26,31.32,31.32,31.32,31.32
202009230849,31.26,31.26,31.25,31.26,31.32,31.35,31.32,31.32
202009230850,31.26,31.26,31.26,31.26,31.32,31.32,31.32,31.32
202009230851,31.26,31.26,31.26,31.26,31.32,31.32,31.32,31.32
202009230852,31.26,31.26,31.26,31.26,31.32,31.33,31.32,31.33
202009230853,31.26,31.26,31.26,31.26,31.33,31.33,31.32,31.32
202009230854,31.26,31.26,31.26,31.26,31.32,31.32,31.31,31.31
202009230855,31.26,31.26,31.26,31.26,31.31,31.32,31.31,31.32
202009230856,31.26,31.26,31.25,31.25,31.32,31.32,31.3,31.3
202009230857,31.26,31.29,31.26,31.26,31.31,31.34,31.31,31.33
202009230858,31.26,31.3,31.26,31.3,31.33,31.36,31.32,31.35
202009230859,31.3,31.3,31.27,31.27,31.35,31.35,31.34,31.34
202009230900,31.27,31.27,31.25,31.26,31.34,31.35,31.3,31.32
202009230901,31.26,31.26,31.25,31.25,31.32,31.32,31.3,31.3
202009230902,31.25,31.25,31.21,31.21,31.3,31.3,31.26,31.26
202009230903,31.21,31.21,31.2,31.21,31.26,31.26,31.25,31.26
202009230904,31.21,31.22,31.21,31.22,31.26,31.31,31.26,31.29
202009230905,31.22,31.22,31.21,31.21,31.29,31.31,31.27,31.27
202009230906,31.21,31.21,31.16,31.18,31.27,31.27,31.23,31.24
202009230907,31.18,31.18,31.16,31.16,31.24,31.27,31.21,31.26
202009230908,31.16,31.17,31.16,31.16,31.23,31.26,31.21,31.21
202009230909,31.16,31.16,31.15,31.15,31.21,31.21,31.2,31.2
202009230910,31.15,31.15,31.11,31.11,31.2,31.21,31.16,31.16
202009230911,31.11,31.11,31.11,31.11,31.16,31.16,31.16,31.16
202009230912,31.11,31.11,31.11,31.11,31.16,31.16,31.16,31.16
202009230913,31.11,31.11,31.1,31.1,31.16,31.16,31.15,31.15
202009230914,31.1,31.11,31.1,31.1,31.15,31.16,31.15,31.15
202009230915,31.1,31.1,31.06,31.06,31.15,31.16,31.11,31.13
202009230916,31.06,31.08,31.05,31.06,31.13,31.15,31.11,31.11
202009230917,31.06,31.06,31.06,31.06,31.11,31.11,31.11,31.11
202009230918,31.06,31.06,31.05,31.05,31.11,31.11,31.1,31.1
202009230919,31.05,31.06,31.05,31.06,31.1,31.12,31.1,31.11
202009230920,31.06,31.06,31.06,31.06,31.11,31.11,31.11,31.11
202009230921,31.06,31.06,31.06,31.06,31.11,31.11,31.11,31.11
202009230922,31.06,31.06,31.06,31.06,31.11,31.12,31.11,31.11
202009230923,31.06,31.08,31.06,31.08,31.11,31.14,31.11,31.14
202009230924,31.08,31.09,31.08,31.08,31.14,31.14,31.14,31.14
202009230925,31.08,31.08,31.08,31.08,31.14,31.14,31.14,31.14
202009230926,31.08,31.09,31.08,31.09,31.14,31.14,31.14,31.14
202009230927,31.09,31.09,31.08,31.08,31.14,31.14,31.14,31.14
202009230928,31.08,31.08,31.05,31.08,31.14,31.15,31.13,31.14
202009230929,31.08,31.09,31.08,31.08,31.14,31.14,31.14,31.14
202009230930,31.08,31.09,31.07,31.07,31.14,31.14,31.14,31.14
202009230931,31.07,31.09,31.07,31.09,31.14,31.14,31.13,31.14
202009230932,31.09,31.09,31.08,31.09,31.14,31.14,31.14,31.14
202009230933,31.09,31.14,31.09,31.14,31.14,31.2,31.14,31.19
202009230934,31.14,31.14,31.13,31.13,31.19,31.19,31.19,31.19
202009230935,31.13,31.14,31.11,31.13,31.19,31.19,31.18,31.19
202009230936,31.13,31.13,31.12,31.13,31.19,31.19,31.19,31.19
202009230937,31.13,31.15,31.13,31.15,31.19,31.2,31.19,31.2
202009230938,31.15,31.15,31.15,31.15,31.2,31.2,31.2,31.2
202009230939,31.15,31.15,31.15,31.15,31.2,31.2,31.2,31.2
202009230940,31.15,31.15,31.15,31.15,31.2,31.2,31.2,31.2
202009230941,31.15,31.15,31.15,31.15,31.2,31.2,31.2,31.2
202009230942,31.15,31.15,31.11,31.13,31.2,31.2,31.18,31.19
202009230943,31.13,31.14,31.13,31.14,31.19,31.2,31.19,31.19
202009230944,31.15,31.15,31.13,31.14,31.2,31.2,31.19,31.2
202009230945,31.13,31.14,31.11,31.14,31.19,31.2,31.18,31.2
202009230946,31.14,31.18,31.14,31.18,31.2,31.24,31.19,31.24
202009230947,31.18,31.22,31.18,31.2,31.24,31.29,31.24,31.25
202009230948,31.2,31.35,31.2,31.31,31.25,31.41,31.25,31.38
202009230949,31.31,31.35,31.31,31.31,31.38,31.41,31.38,31.38
202009230950,31.31,31.33,31.3,31.3,31.38,31.39,31.35,31.36
202009230951,31.3,31.31,31.3,31.3,31.36,31.37,31.35,31.35
202009230952,31.3,31.31,31.3,31.3,31.35,31.37,31.35,31.35
202009230953,31.3,31.3,31.3,31.3,31.35,31.35,31.35,31.35
202009230954,31.3,31.3,31.3,31.3,31.35,31.35,31.35,31.35
202009230955,31.3,31.3,31.26,31.29,31.35,31.36,31.32,31.35
202009230956,31.29,31.3,31.29,31.29,31.35,31.35,31.34,31.35
202009230957,31.29,31.34,31.29,31.31,31.35,31.4,31.35,31.38
202009230958,31.31,31.33,31.3,31.31,31.38,31.4,31.37,31.38
202009230959,31.31,31.38,31.3,31.38,31.38,31.44,31.37,31.44
202009231000,31.38,31.39,31.36,31.36,31.44,31.46,31.42,31.42
202009231001,31.36,31.38,31.34,31.34,31.42,31.45,31.4,31.4
202009231002,31.34,31.35,31.34,31.35,31.4,31.41,31.4,31.4
202009231003,31.35,31.35,31.34,31.35,31.4,31.4,31.4,31.4
202009231004,31.35,31.36,31.34,31.34,31.4,31.41,31.4,31.4
202009231005,31.34,31.35,31.34,31.34,31.4,31.41,31.4,31.4
202009231006,31.35,31.35,31.34,31.34,31.41,31.41,31.4,31.4
202009231007,31.34,31.35,31.34,31.35,31.4,31.41,31.4,31.41
202009231008,31.36,31.36,31.35,31.35,31.42,31.42,31.41,31.41
202009231009,31.35,31.39,31.34,31.39,31.41,31.44,31.4,31.44
202009231010,31.4,31.4,31.36,31.38,31.45,31.45,31.43,31.44
202009231011,31.38,31.42,31.38,31.4,31.44,31.49,31.44,31.45
202009231012,31.4,31.41,31.38,31.4,31.45,31.48,31.45,31.46
202009231013,31.39,31.4,31.39,31.39,31.45,31.46,31.45,31.45
202009231014,31.39,31.39,31.37,31.38,31.45,31.45,31.44,31.44
202009231015,31.38,31.39,31.36,31.36,31.44,31.45,31.42,31.42
202009231016,31.36,31.36,31.31,31.33,31.42,31.42,31.37,31.39
202009231017,31.34,31.36,31.31,31.31,31.4,31.42,31.38,31.38
202009231018,31.31,31.34,31.31,31.31,31.38,31.41,31.37,31.38
202009231019,31.31,31.33,31.3,31.32,31.38,31.4,31.37,31.39
202009231020,31.32,31.33,31.3,31.31,31.39,31.4,31.36,31.36
202009231021,31.31,31.31,31.31,31.31,31.36,31.36,31.36,31.36
202009231022,31.31,31.31,31.3,31.3,31.36,31.36,31.35,31.35
202009231023,31.3,31.31,31.3,31.31,31.35,31.36,31.35,31.36
202009231024,31.31,31.31,31.31,31.31,31.36,31.36,31.36,31.36
202009231025,31.31,31.33,31.3,31.31,31.36,31.41,31.36,31.37
202009231026,31.31,31.31,31.3,31.31,31.37,31.4,31.37,31.37
202009231027,31.31,31.34,31.31,31.33,31.37,31.39,31.37,31.39
202009231028,31.33,31.35,31.33,31.35,31.39,31.4,31.39,31.4
202009231029,31.35,31.35,31.34,31.35,31.4,31.4,31.4,31.4
202009231030,31.36,31.39,31.31,31.31,31.41,31.44,31.37,31.37
202009231031,31.31,31.31,31.28,31.3,31.37,31.37,31.34,31.36
202009231032,31.3,31.3,31.28,31.29,31.36,31.36,31.34,31.35
202009231033,31.28,31.28,31.26,31.26,31.34,31.36,31.32,31.36
202009231034,31.26,31.27,31.25,31.26,31.36,31.36,31.31,31.31
202009231035,31.25,31.25,31.21,31.21,31.3,31.32,31.27,31.27
202009231036,31.21,31.21,31.16,31.18,31.27,31.27,31.22,31.24
202009231037,31.18,31.18,31.16,31.18,31.24,31.26,31.24,31.24
202009231038,31.18,31.2,31.18,31.2,31.24,31.25,31.24,31.25
202009231039,31.19,31.2,31.19,31.2,31.24,31.25,31.24,31.25
202009231040,31.19,31.2,31.19,31.2,31.24,31.25,31.24,31.25
202009231041,31.2,31.21,31.2,31.21,31.25,31.26,31.25,31.26
202009231042,31.21,31.21,31.21,31.21,31.26,31.26,31.26,31.26
202009231043,31.2,31.21,31.2,31.21,31.25,31.26,31.25,31.26
202009231044,31.21,31.21,31.2,31.21,31.26,31.26,31.25,31.26
202009231045,31.21,31.21,31.2,31.2,31.26,31.26,31.25,31.25
202009231046,31.2,31.2,31.2,31.2,31.25,31.25,31.25,31.25
202009231047,31.2,31.2,31.16,31.16,31.25,31.25,31.22,31.22
202009231048,31.16,31.19,31.16,31.18,31.22,31.25,31.22,31.24
202009231049,31.18,31.18,31.16,31.16,31.24,31.27,31.22,31.22
202009231050,31.16,31.18,31.16,31.16,31.22,31.26,31.22,31.22
202009231051,31.16,31.17,31.16,31.16,31.22,31.26,31.22,31.22
202009231052,31.16,31.16,31.15,31.16,31.22,31.22,31.21,31.21
202009231053,31.16,31.16,31.15,31.15,31.21,31.21,31.2,31.2
202009231054,31.15,31.15,31.11,31.12,31.2,31.21,31.19,31.19
202009231055,31.12,31.13,31.11,31.13,31.19,31.21,31.19,31.19
202009231056,31.14,31.15,31.14,31.15,31.2,31.2,31.2,31.2
202009231057,31.15,31.15,31.14,31.15,31.2,31.2,31.2,31.2
202009231058,31.15,31.15,31.14,31.14,31.2,31.2,31.2,31.2
202009231059,31.14,31.15,31.12,31.15,31.2,31.2,31.19,31.2
202009231100,31.15,31.15,31.14,31.14,31.2,31.2,31.2,31.2
202009231101,31.14,31.14,31.1,31.12,31.2,31.21,31.17,31.19
202009231102,31.12,31.15,31.11,31.15,31.19,31.21,31.17,31.2
202009231103,31.15,31.15,31.15,31.15,31.2,31.2,31.2,31.2
202009231104,31.15,31.15,31.14,31.15,31.2,31.2,31.2,31.2
202009231105,31.15,31.16,31.14,31.14,31.2,31.21,31.2,31.2
202009231106,31.14,31.16,31.14,31.15,31.2,31.25,31.2,31.25
202009231107,31.17,31.19,31.17,31.19,31.23,31.25,31.23,31.25
202009231108,31.19,31.19,31.17,31.18,31.25,31.25,31.24,31.24
202009231109,31.18,31.19,31.18,31.19,31.24,31.25,31.24,31.25
202009231110,31.18,31.19,31.18,31.18,31.24,31.25,31.24,31.24
202009231111,31.18,31.23,31.18,31.2,31.24,31.3,31.24,31.3
202009231112,31.2,31.23,31.2,31.21,31.3,31.3,31.26,31.26
202009231113,31.21,31.21,31.2,31.2,31.26,31.27,31.25,31.25
202009231114,31.2,31.21,31.17,31.21,31.25,31.3,31.23,31.28
202009231115,31.21,31.21,31.2,31.21,31.28,31.28,31.25,31.26
202009231116,31.21,31.21,31.16,31.16,31.26,31.26,31.23,31.26
202009231117,31.16,31.18,31.16,31.17,31.26,31.26,31.24,31.24
202009231118,31.17,31.19,31.17,31.18,31.24,31.25,31.24,31.24
202009231119,31.19,31.19,31.16,31.18,31.25,31.26,31.24,31.24
202009231120,31.18,31.18,31.14,31.14,31.24,31.26,31.2,31.2
202009231121,31.14,31.16,31.14,31.15,31.2,31.22,31.2,31.21
202009231122,31.15,31.15,31.15,31.15,31.21,31.21,31.21,31.21
202009231123,31.15,31.24,31.15,31.24,31.21,31.3,31.21,31.3
202009231124,31.23,31.24,31.23,31.23,31.29,31.3,31.29,31.29
202009231125,31.23,31.25,31.23,31.25,31.29,31.3,31.29,31.3
202009231126,31.25,31.25,31.23,31.24,31.3,31.3,31.29,31.3
202009231127,31.23,31.25,31.21,31.25,31.29,31.31,31.29,31.3
202009231128,31.25,31.25,31.24,31.25,31.3,31.3,31.29,31.3
202009231129,31.25,31.25,31.25,31.25,31.3,31.3,31.3,31.3
202009231130,31.25,31.31,31.25,31.29,31.3,31.38,31.3,31.35
202009231131,31.29,31.3,31.29,31.3,31.35,31.36,31.35,31.36
202009231132,31.3,31.3,31.29,31.3,31.36,31.36,31.35,31.36
202009231133,31.29,31.3,31.29,31.29,31.35,31.36,31.35,31.35
202009231134,31.29,31.29,31.26,31.26,31.35,31.35,31.32,31.32
202009231135,31.26,31.26,31.22,31.24,31.32,31.32,31.29,31.3
202009231136,31.24,31.24,31.21,31.24,31.3,31.31,31.29,31.3
202009231137,31.24,31.28,31.24,31.24,31.3,31.34,31.3,31.3
202009231138,31.24,31.31,31.24,31.3,31.3,31.38,31.3,31.36
202009231139,31.3,31.3,31.29,31.29,31.36,31.36,31.35,31.35
202009231140,31.29,31.29,31.24,31.26,31.35,31.36,31.3,31.33
202009231141,31.26,31.26,31.24,31.24,31.33,31.34,31.3,31.3
202009231142,31.25,31.25,31.22,31.23,31.31,31.31,31.29,31.29
202009231143,31.24,31.26,31.24,31.26,31.3,31.32,31.3,31.32
202009231144,31.26,31.26,31.25,31.26,31.32,31.32,31.31,31.32
202009231145,31.26,31.26,31.21,31.22,31.32,31.32,31.28,31.29
202009231146,31.22,31.24,31.21,31.22,31.29,31.32,31.28,31.29
202009231147,31.22,31.24,31.21,31.21,31.29,31.32,31.27,31.27
202009231148,31.21,31.22,31.21,31.21,31.27,31.28,31.27,31.27
202009231149,31.21,31.21,31.21,31.21,31.27,31.28,31.27,31.27
202009231150,31.21,31.21,31.21,31.21,31.27,31.27,31.27,31.27
202009231151,31.21,31.21,31.21,31.21,31.27,31.27,31.27,31.27
202009231152,31.21,31.21,31.21,31.21,31.27,31.27,31.27,31.27
202009231153,31.21,31.22,31.21,31.21,31.27,31.31,31.27,31.27
202009231154,31.21,31.22,31.21,31.21,31.27,31.31,31.27,31.27
202009231155,31.21,31.21,31.21,31.21,31.27,31.27,31.27,31.27
202009231156,31.21,31.21,31.21,31.21,31.27,31.27,31.27,31.27
202009231157,31.21,31.23,31.21,31.21,31.27,31.31,31.27,31.27
202009231158,31.21,31.21,31.21,31.21,31.27,31.27,31.27,31.27
202009231159,31.21,31.24,31.21,31.22,31.27,31.3,31.27,31.29
202009231200,31.22,31.25,31.22,31.25,31.29,31.3,31.29,31.3
202009231201,31.25,31.25,31.24,31.25,31.3,31.3,31.29,31.3
202009231202,31.25,31.25,31.25,31.25,31.3,31.3,31.3,31.3
202009231203,31.25,31.28,31.25,31.26,31.3,31.34,31.3,31.32
202009231204,31.26,31.28,31.26,31.26,31.32,31.34,31.32,31.33
202009231205,31.26,31.3,31.26,31.29,31.33,31.36,31.33,31.35
202009231206,31.29,31.3,31.28,31.29,31.35,31.35,31.34,31.35
202009231207,31.29,31.29,31.28,31.29,31.35,31.35,31.34,31.35
202009231208,31.29,31.29,31.25,31.29,31.35,31.36,31.32,31.35
202009231209,31.29,31.29,31.26,31.28,31.35,31.35,31.32,31.34
202009231210,31.28,31.28,31.26,31.26,31.34,31.34,31.32,31.32
202009231211,31.26,31.26,31.24,31.24,31.32,31.32,31.3,31.3
202009231212,31.24,31.24,31.24,31.24,31.3,31.3,31.3,31.3
202009231213,31.24,31.24,31.24,31.24,31.3,31.3,31.3,31.3
202009231214,31.24,31.24,31.22,31.24,31.3,31.32,31.29,31.3
202009231215,31.24,31.24,31.22,31.23,31.3,31.32,31.29,31.29
202009231216,31.23,31.23,31.21,31.21,31.29,31.32,31.27,31.27
202009231217,31.21,31.21,31.21,31.21,31.27,31.28,31.27,31.27
202009231218,31.18,31.19,31.18,31.19,31.24,31.25,31.24,31.25
202009231219,31.19,31.19,31.16,31.16,31.25,31.27,31.22,31.26
202009231220,31.17,31.18,31.16,31.16,31.27,31.27,31.24,31.26
202009231221,31.16,31.16,31.16,31.16,31.26,31.26,31.22,31.26
202009231222,31.16,31.17,31.16,31.16,31.26,31.26,31.22,31.23
202009231223,31.16,31.17,31.16,31.16,31.23,31.26,31.22,31.22
202009231224,31.16,31.17,31.16,31.16,31.22,31.26,31.22,31.22
202009231225,31.16,31.16,31.16,31.16,31.22,31.22,31.22,31.22
202009231226,31.16,31.19,31.16,31.19,31.22,31.26,31.22,31.25
202009231227,31.19,31.19,31.16,31.16,31.25,31.26,31.22,31.22
202009231228,31.16,31.16,31.16,31.16,31.22,31.22,31.22,31.22
202009231229,31.16,31.16,31.16,31.16,31.22,31.22,31.22,31.22
202009231230,31.16,31.16,31.11,31.13,31.22,31.22,31.17,31.19
202009231231,31.14,31.14,31.11,31.11,31.2,31.22,31.17,31.17
202009231232,31.11,31.13,31.11,31.13,31.17,31.21,31.17,31.19
202009231233,31.13,31.13,31.11,31.13,31.19,31.21,31.19,31.19
202009231234,31.13,31.13,31.11,31.13,31.19,31.21,31.19,31.19
202009231235,31.13,31.13,31.12,31.13,31.19,31.19,31.19,31.19
202009231236,31.13,31.15,31.13,31.13,31.19,31.2,31.19,31.19
202009231237,31.13,31.14,31.13,31.14,31.19,31.2,31.19,31.19
202009231238,31.15,31.16,31.15,31.16,31.2,31.22,31.2,31.22
202009231239,31.16,31.16,31.16,31.16,31.22,31.22,31.21,31.22
202009231240,31.16,31.16,31.16,31.16,31.22,31.22,31.21,31.22
202009231241,31.16,31.16,31.16,31.16,31.22,31.22,31.21,31.22
202009231242,31.16,31.16,31.16,31.16,31.22,31.22,31.21,31.21
202009231243,31.16,31.16,31.16,31.16,31.21,31.22,31.21,31.22
202009231244,31.16,31.16,31.16,31.16,31.22,31.22,31.21,31.22
202009231245,31.16,31.16,31.16,31.16,31.22,31.22,31.21,31.21
202009231246,31.16,31.19,31.16,31.19,31.21,31.25,31.21,31.24
202009231247,31.19,31.19,31.19,31.19,31.24,31.25,31.24,31.25
202009231248,31.19,31.19,31.16,31.16,31.25,31.25,31.21,31.21
202009231249,31.16,31.16,31.15,31.15,31.21,31.21,31.2,31.2
202009231250,31.15,31.15,31.11,31.14,31.2,31.2,31.17,31.2
202009231251,31.14,31.14,31.14,31.14,31.2,31.2,31.2,31.2
202009231252,31.14,31.15,31.14,31.15,31.2,31.2,31.2,31.2
202009231253,31.15,31.15,31.15,31.15,31.2,31.21,31.2,31.21
202009231254,31.15,31.15,31.15,31.15,31.21,31.21,31.21,31.21
202009231255,31.15,31.17,31.15,31.17,31.21,31.24,31.21,31.24
202009231256,31.17,31.18,31.15,31.15,31.24,31.26,31.2,31.2
202009231257,31.15,31.15,31.15,31.15,31.2,31.2,31.2,31.2
202009231258,31.15,31.15,31.15,31.15,31.2,31.2,31.2,31.2
202009231259,31.15,31.15,31.15,31.15,31.2,31.2,31.2,31.2
202009231300,31.15,31.17,31.15,31.17,31.2,31.27,31.2,31.27
202009231301,31.17,31.17,31.16,31.16,31.27,31.27,31.22,31.22
202009231302,31.16,31.16,31.16,31.16,31.22,31.22,31.22,31.22
202009231303,31.16,31.16,31.11,31.15,31.22,31.22,31.17,31.2
202009231304,31.15,31.15,31.15,31.15,31.2,31.2,31.2,31.2
202009231305,31.15,31.15,31.12,31.12,31.2,31.2,31.19,31.19
202009231306,31.12,31.14,31.11,31.13,31.19,31.22,31.17,31.19
202009231307,31.14,31.14,31.11,31.12,31.2,31.2,31.16,31.19
202009231308,31.12,31.14,31.12,31.13,31.19,31.22,31.19,31.19
202009231309,31.14,31.14,31.11,31.13,31.2,31.22,31.18,31.19
202009231310,31.13,31.14,31.13,31.14,31.19,31.2,31.19,31.2
202009231311,31.14,31.14,31.12,31.14,31.2,31.2,31.19,31.2
202009231312,31.14,31.14,31.14,31.14,31.2,31.2,31.2,31.2
202009231313,31.14,31.14,31.14,31.14,31.2,31.2,31.2,31.2
202009231314,31.14,31.14,31.14,31.14,31.2,31.2,31.2,31.2
202009231315,31.14,31.14,31.12,31.13,31.2,31.2,31.19,31.19
202009231316,31.13,31.13,31.1,31.13,31.19,31.19,31.16,31.19
202009231317,31.13,31.23,31.13,31.2,31.19,31.3,31.19,31.3
202009231318,31.2,31.24,31.2,31.24,31.3,31.3,31.27,31.3
202009231319,31.24,31.24,31.22,31.23,31.3,31.3,31.29,31.29
202009231320,31.23,31.24,31.2,31.2,31.29,31.31,31.25,31.25
202009231321,31.21,31.21,31.2,31.21,31.26,31.28,31.25,31.27
202009231322,31.2,31.2,31.18,31.19,31.26,31.26,31.24,31.25
202009231323,31.19,31.2,31.16,31.19,31.25,31.27,31.23,31.25
202009231324,31.19,31.19,31.19,31.19,31.25,31.25,31.25,31.25
202009231325,31.19,31.19,31.17,31.19,31.25,31.27,31.24,31.25
202009231326,31.19,31.19,31.17,31.18,31.25,31.27,31.24,31.24
202009231327,31.19,31.19,31.17,31.17,31.25,31.27,31.24,31.24
202009231328,31.17,31.19,31.17,31.17,31.24,31.27,31.24,31.27
202009231329,31.17,31.19,31.17,31.17,31.27,31.27,31.24,31.24
202009231330,31.17,31.19,31.17,31.17,31.24,31.27,31.24,31.24
202009231331,31.17,31.19,31.17,31.18,31.24,31.28,31.24,31.28
202009231332,31.17,31.17,31.12,31.14,31.27,31.27,31.19,31.2
202009231333,31.14,31.14,31.14,31.14,31.2,31.2,31.2,31.2
202009231334,31.14,31.15,31.14,31.14,31.2,31.21,31.2,31.2
202009231335,31.14,31.15,31.14,31.14,31.2,31.21,31.2,31.2
202009231336,31.14,31.14,31.12,31.13,31.2,31.2,31.19,31.19
202009231337,31.13,31.14,31.12,31.14,31.19,31.22,31.19,31.2
202009231338,31.14,31.14,31.14,31.14,31.2,31.2,31.2,31.2
202009231339,31.14,31.14,31.12,31.14,31.2,31.2,31.19,31.2
202009231340,31.14,31.14,31.12,31.14,31.2,31.2,31.19,31.2
202009231341,31.14,31.14,31.12,31.13,31.2,31.22,31.19,31.19
202009231342,31.13,31.14,31.13,31.14,31.19,31.2,31.19,31.2
202009231343,31.14,31.14,31.12,31.13,31.2,31.2,31.19,31.19
202009231344,31.13,31.15,31.13,31.15,31.19,31.21,31.19,31.21
202009231345,31.15,31.15,31.14,31.15,31.21,31.21,31.2,31.21
202009231346,31.15,31.15,31.14,31.15,31.21,31.21,31.2,31.21
202009231347,31.15,31.15,31.14,31.15,31.21,31.21,31.2,31.21
202009231348,31.15,31.15,31.15,31.15,31.21,31.21,31.21,31.21
202009231349,31.15,31.15,31.15,31.15,31.21,31.21,31.21,31.21
202009231350,31.15,31.15,31.14,31.14,31.21,31.21,31.2,31.2
202009231351,31.13,31.14,31.12,31.12,31.19,31.2,31.19,31.19
202009231352,31.12,31.15,31.12,31.15,31.19,31.21,31.19,31.21
202009231353,31.15,31.15,31.15,31.15,31.21,31.21,31.21,31.21
202009231354,31.15,31.15,31.15,31.15,31.21,31.21,31.21,31.21
202009231355,31.15,31.15,31.15,31.15,31.21,31.21,31.21,31.21
202009231356,31.15,31.16,31.15,31.16,31.21,31.22,31.21,31.22
202009231357,31.15,31.15,31.15,31.15,31.21,31.21,31.21,31.21
202009231358,31.15,31.15,31.15,31.15,31.21,31.21,31.21,31.21
202009231359,31.14,31.14,31.14,31.14,31.2,31.2,31.2,31.2
202009231400,31.14,31.14,31.11,31.12,31.2,31.22,31.18,31.19
202009231401,31.12,31.13,31.12,31.12,31.19,31.22,31.19,31.22
202009231402,31.12,31.13,31.11,31.11,31.22,31.23,31.16,31.17
202009231403,31.11,31.11,31.11,31.11,31.17,31.17,31.16,31.16
202009231404,31.11,31.12,31.11,31.12,31.16,31.22,31.16,31.22
202009231405,31.12,31.12,31.11,31.11,31.22,31.22,31.16,31.17
202009231406,31.11,31.11,31.11,31.11,31.17,31.17,31.16,31.16
202009231407,31.11,31.11,31.11,31.11,31.16,31.16,31.16,31.16
202009231408,31.11,31.11,31.11,31.11,31.16,31.16,31.16,31.16
202009231409,31.11,31.11,31.07,31.1,31.16,31.16,31.14,31.15
202009231410,31.1,31.11,31.07,31.07,31.15,31.18,31.14,31.14
202009231411,31.07,31.11,31.07,31.11,31.14,31.16,31.14,31.16
202009231412,31.11,31.11,31.1,31.1,31.16,31.16,31.15,31.15
202009231413,31.1,31.11,31.1,31.11,31.15,31.16,31.15,31.16
202009231414,31.11,31.11,31.11,31.11,31.16,31.16,31.16,31.16
202009231415,31.11,31.11,31.11,31.11,31.16,31.17,31.16,31.17
202009231416,31.11,31.11,31.11,31.11,31.17,31.17,31.16,31.16
202009231417,31.11,31.11,31.11,31.11,31.16,31.17,31.16,31.16
202009231418,31.11,31.11,31.07,31.11,31.16,31.17,31.14,31.17
202009231419,31.11,31.11,31.11,31.11,31.17,31.17,31.17,31.17
202009231420,31.11,31.11,31.11,31.11,31.17,31.17,31.16,31.16
202009231421,31.11,31.11,31.06,31.06,31.16,31.18,31.11,31.11
202009231422,31.06,31.06,31.01,31.01,31.11,31.12,31.06,31.08
202009231423,31.01,31.01,31,31,31.08,31.08,31.05,31.05
202009231424,31,31,31,31,31.05,31.05,31.05,31.05
202009231425,31,31,31,31,31.05,31.05,31.05,31.05
202009231426,31,31,31,31,31.05,31.05,31.05,31.05
202009231427,31,31,31,31,31.05,31.05,31.05,31.05
202009231428,30.99,30.99,30.96,30.97,31.04,31.07,31.03,31.04
202009231429,30.97,30.98,30.96,30.96,31.04,31.07,31.02,31.02
202009231430,30.96,30.96,30.96,30.96,31.02,31.02,31.01,31.02
202009231431,30.96,31,30.96,30.99,31.02,31.06,31.02,31.04
202009231432,31,31,30.97,30.99,31.05,31.05,31.04,31.04
202009231433,30.99,30.99,30.96,30.96,31.04,31.06,31.03,31.03
202009231434,30.96,30.97,30.96,30.96,31.03,31.06,31.03,31.06
202009231435,30.96,30.96,30.96,30.96,31.06,31.06,31.02,31.02
202009231436,30.96,30.97,30.96,30.96,31.02,31.03,31.02,31.02
202009231437,30.96,30.96,30.91,30.91,31.02,31.02,30.97,31.01
202009231438,30.91,30.91,30.9,30.9,31.01,31.01,30.97,31
202009231439,30.9,30.92,30.9,30.91,31,31,30.97,30.97
202009231440,30.91,30.93,30.9,30.92,30.97,31.01,30.97,30.99
202009231441,30.92,30.93,30.9,30.9,30.99,31.01,30.97,31
202009231442,30.9,30.93,30.9,30.93,31,31,30.97,30.99
202009231443,30.93,30.94,30.93,30.94,30.99,31,30.99,31
202009231444,30.94,30.94,30.94,30.94,31,31,31,31
202009231445,30.94,30.94,30.93,30.93,31,31,30.99,30.99
202009231446,30.93,30.94,30.93,30.94,30.99,31,30.99,30.99
202009231447,30.94,30.96,30.94,30.96,30.99,31.02,30.99,31.02
202009231448,30.96,30.98,30.93,30.98,31.02,31.04,31.02,31.04
202009231449,30.98,30.98,30.94,30.94,31.04,31.04,31.03,31.04
202009231450,30.94,30.97,30.94,30.96,31.04,31.04,31.02,31.02
202009231451,30.96,30.96,30.94,30.94,31.02,31.04,31.02,31.04
202009231452,30.94,30.98,30.94,30.98,31.04,31.04,31.03,31.04
202009231453,30.98,30.99,30.98,30.99,31.04,31.04,31.04,31.04
202009231454,30.99,30.99,30.94,30.94,31.04,31.04,31.04,31.04
202009231455,30.94,30.97,30.94,30.96,31.04,31.04,31.02,31.02
202009231456,30.96,30.96,30.95,30.95,31.02,31.02,31,31.01
202009231457,30.95,30.95,30.95,30.95,31.01,31.01,31,31.01
202009231458,30.95,30.95,30.92,30.93,31.01,31.01,30.99,30.99
202009231459,30.93,30.93,30.92,30.93,30.99,30.99,30.98,30.99
202009231500,30.93,30.94,30.91,30.94,30.99,30.99,30.98,30.99
202009231501,30.94,31,30.94,30.99,30.99,31.05,30.99,31.04
202009231502,30.99,30.99,30.92,30.92,31.04,31.05,30.99,30.99
202009231503,30.92,30.94,30.92,30.94,30.99,31.02,30.99,31
202009231504,30.94,30.94,30.94,30.94,31,31,31,31
202009231505,30.94,30.96,30.94,30.96,31,31.01,31,31.01
202009231506,30.96,30.96,30.95,30.95,31.01,31.01,31,31.01
202009231507,30.95,31,30.95,31,31.01,31.05,31.01,31.05
202009231508,31,31,30.95,30.95,31.05,31.05,31.04,31.05
202009231509,30.95,31,30.95,30.99,31.05,31.05,31.03,31.04
202009231510,30.99,31,30.96,31,31.04,31.06,31.04,31.05
202009231511,31,31.04,30.99,30.99,31.05,31.09,31.05,31.09
202009231512,30.99,31.04,30.99,31.03,31.09,31.1,31.05,31.09
202009231513,31.03,31.04,31,31.02,31.09,31.11,31.06,31.09
202009231514,31.02,31.04,31,31.03,31.09,31.11,31.08,31.09
202009231515,31.04,31.09,31.04,31.09,31.1,31.15,31.09,31.14
202009231516,31.09,31.09,31.05,31.06,31.14,31.15,31.13,31.13
202009231517,31.06,31.09,31.05,31.07,31.13,31.15,31.13,31.14
202009231518,31.07,31.09,31.05,31.08,31.14,31.15,31.12,31.14
202009231519,31.09,31.09,31.08,31.09,31.15,31.15,31.14,31.15
202009231520,31.09,31.1,31.09,31.1,31.15,31.16,31.15,31.16
202009231521,31.1,31.1,31.09,31.09,31.16,31.16,31.15,31.15
202009231522,31.09,31.1,31.09,31.09,31.15,31.16,31.15,31.15
202009231523,31.1,31.1,31.09,31.09,31.16,31.16,31.15,31.15
202009231524,31.09,31.1,31.09,31.1,31.15,31.16,31.15,31.16
202009231525,31.1,31.1,31.09,31.1,31.16,31.16,31.15,31.16
202009231526,31.1,31.13,31.09,31.09,31.16,31.19,31.16,31.19
202009231527,31.09,31.16,31.09,31.15,31.19,31.25,31.17,31.25
202009231528,31.15,31.2,31.15,31.18,31.25,31.25,31.24,31.24
202009231529,31.18,31.18,31.14,31.14,31.24,31.24,31.2,31.24
202009231530,31.14,31.18,31.14,31.16,31.24,31.25,31.23,31.23
202009231531,31.16,31.16,31.1,31.11,31.23,31.25,31.17,31.17
202009231532,31.11,31.11,31.09,31.09,31.17,31.17,31.15,31.15
202009231533,31.09,31.1,31.07,31.1,31.15,31.16,31.14,31.16
202009231534,31.1,31.11,31.1,31.1,31.16,31.18,31.16,31.16
202009231535,31.08,31.08,31.05,31.06,31.14,31.17,31.11,31.13
202009231536,31.06,31.06,31.05,31.05,31.13,31.15,31.11,31.11
202009231537,31.06,31.06,31.05,31.05,31.12,31.12,31.11,31.11
202009231538,31.05,31.06,31.05,31.05,31.11,31.12,31.11,31.11
202009231539,31.05,31.08,31.05,31.08,31.11,31.15,31.11,31.14
202009231540,31.08,31.08,31.05,31.08,31.14,31.15,31.13,31.14
202009231541,31.08,31.09,31.04,31.04,31.14,31.15,31.1,31.1
202009231542,31.04,31.05,31.04,31.04,31.1,31.11,31.1,31.1
202009231543,31.04,31.05,31.04,31.05,31.1,31.11,31.1,31.11
202009231544,31.05,31.05,31.04,31.05,31.11,31.11,31.1,31.11
202009231545,31.05,31.08,31.04,31.05,31.11,31.15,31.11,31.15
202009231546,31.05,31.1,31.05,31.1,31.15,31.16,31.14,31.16
202009231547,31.1,31.1,31.08,31.09,31.16,31.16,31.14,31.15
202009231548,31.09,31.09,31.09,31.09,31.15,31.15,31.15,31.15
202009231549,31.09,31.09,31.01,31.04,31.15,31.15,31.07,31.1
202009231550,31.04,31.05,31.01,31.05,31.1,31.11,31.08,31.11
202009231551,31.05,31.05,30.99,31.02,31.11,31.11,31.07,31.09
202009231552,31.02,31.05,31,31.05,31.09,31.11,31.09,31.11
202009231553,31.05,31.05,31.04,31.05,31.11,31.11,31.1,31.11
202009231554,31.05,31.07,31.04,31.05,31.11,31.14,31.1,31.11
202009231555,31.04,31.05,31.02,31.02,31.1,31.11,31.09,31.09
202009231556,31.02,31.09,31.02,31.07,31.09,31.15,31.09,31.14
202009231557,31.07,31.08,31.04,31.04,31.14,31.15,31.1,31.1
202009231558,31.04,31.05,31.04,31.04,31.1,31.11,31.1,31.1
202009231559,31.04,31.04,31.02,31.04,31.1,31.12,31.09,31.1
202009231600,31.04,31.04,30.98,31,31.1,31.11,31.04,31.05
202009231601,31,31.05,30.98,31.05,31.05,31.1,31.04,31.1
202009231602,31.04,31.07,31.01,31.05,31.09,31.16,31.06,31.1
202009231603,31.05,31.1,31.04,31.1,31.1,31.16,31.1,31.16
202009231604,31.11,31.12,31.06,31.07,31.17,31.2,31.14,31.14
202009231605,31.07,31.19,31.07,31.17,31.14,31.25,31.14,31.24
202009231606,31.17,31.18,31.12,31.13,31.24,31.26,31.19,31.19
202009231607,31.14,31.14,31.01,31.04,31.2,31.22,31.08,31.1
202009231608,31.03,31.09,31.01,31.06,31.09,31.15,31.09,31.12
202009231609,31.06,31.1,31.05,31.09,31.12,31.15,31.12,31.15
202009231610,31.08,31.08,31.01,31.05,31.14,31.14,31.08,31.11
202009231611,31.05,31.1,31.04,31.08,31.11,31.15,31.11,31.14
202009231612,31.08,31.1,31.08,31.1,31.14,31.16,31.14,31.16
202009231613,31.1,31.22,31.1,31.19,31.16,31.29,31.16,31.25
202009231614,31.2,31.25,31.19,31.19,31.26,31.31,31.25,31.29
202009231615,31.19,31.33,31.19,31.29,31.29,31.39,31.29,31.35
202009231616,31.29,31.29,31.21,31.26,31.35,31.36,31.28,31.33
202009231617,31.26,31.28,31.25,31.25,31.33,31.35,31.31,31.31
202009231618,31.25,31.31,31.25,31.28,31.31,31.39,31.31,31.34
202009231619,31.29,31.29,31.23,31.24,31.35,31.36,31.29,31.3
202009231620,31.25,31.26,31.24,31.24,31.31,31.35,31.3,31.3
202009231621,31.24,31.25,31.18,31.18,31.3,31.31,31.24,31.24
202009231622,31.2,31.2,31.11,31.13,31.26,31.26,31.17,31.19
202009231623,31.15,31.15,31.1,31.1,31.21,31.21,31.17,31.2
202009231624,31.1,31.11,31.05,31.05,31.2,31.21,31.11,31.11
202009231625,31.04,31.06,31.02,31.05,31.1,31.13,31.09,31.11
202009231626,31.04,31.07,31.04,31.05,31.1,31.17,31.1,31.11
202009231627,31.06,31.08,31.05,31.06,31.13,31.16,31.13,31.16
202009231628,31.06,31.08,31.05,31.08,31.16,31.16,31.13,31.14
202009231629,31.08,31.11,31.08,31.1,31.14,31.17,31.14,31.16
202009231630,31.11,31.11,30.96,31.06,31.17,31.17,31.02,31.12
202009231631,31.03,31.07,31.02,31.02,31.09,31.14,31.09,31.09
202009231632,31.02,31.03,30.95,30.95,31.09,31.11,31,31
202009231633,30.97,31,30.95,30.98,31.04,31.06,31.02,31.04
202009231634,30.98,31.01,30.97,30.99,31.04,31.07,31.04,31.05
202009231635,30.99,31.01,30.96,31,31.05,31.08,31.04,31.06
202009231636,31,31.01,30.98,31,31.06,31.09,31.04,31.06
202009231637,31,31.01,31,31,31.06,31.08,31.06,31.06
202009231638,31,31,30.96,30.96,31.06,31.09,31.04,31.06
202009231639,30.96,30.98,30.96,30.98,31.06,31.06,31.02,31.04
202009231640,30.98,31,30.96,30.98,31.04,31.06,31.02,31.04
202009231641,30.98,30.99,30.96,30.99,31.04,31.06,31.04,31.05
202009231642,30.99,31,30.99,31,31.05,31.06,31.05,31.06
202009231643,31,31,30.97,30.97,31.06,31.06,31.04,31.04
202009231644,30.97,30.98,30.96,30.96,31.04,31.07,31.02,31.02
202009231645,30.96,30.99,30.95,30.97,31.02,31.05,31.01,31.04
202009231646,30.97,30.97,30.93,30.94,31.04,31.04,30.99,31
202009231647,30.93,30.94,30.91,30.94,30.99,31.02,30.97,31
202009231648,30.94,30.94,30.91,30.92,31,31,30.98,30.99
202009231649,30.92,30.94,30.92,30.94,30.99,31,30.99,31
202009231650,30.94,30.94,30.94,30.94,31,31,31,31
202009231651,30.94,30.94,30.9,30.91,31,31,30.97,30.98
202009231652,30.91,30.92,30.86,30.9,30.98,31,30.93,31
202009231653,30.9,30.93,30.9,30.91,31,31,30.96,30.98
202009231654,30.91,30.94,30.9,30.92,30.98,31,30.98,30.99
202009231655,30.92,30.94,30.9,30.94,30.99,31,30.97,30.99
202009231656,30.94,30.95,30.94,30.95,30.99,31.01,30.99,31.01
202009231657,30.95,30.95,30.91,30.91,31.01,31.01,30.99,31.01
202009231658,30.91,30.93,30.9,30.91,31.01,31.01,30.96,30.97
202009231659,30.91,30.91,30.9,30.9,30.97,30.98,30.95,30.96
202009231700,30.91,30.91,30.86,30.87,30.97,30.97,30.93,30.93
202009231701,30.86,30.87,30.86,30.86,30.92,30.96,30.91,30.92
202009231702,30.86,30.86,30.86,30.86,30.92,30.92,30.91,30.92
202009231703,30.86,30.87,30.86,30.86,30.92,30.96,30.91,30.91
202009231704,30.86,30.89,30.86,30.88,30.91,30.96,30.91,30.94
202009231705,30.88,30.89,30.86,30.89,30.94,30.97,30.92,30.94
202009231706,30.89,30.89,30.87,30.89,30.94,30.94,30.94,30.94
202009231707,30.89,30.9,30.88,30.9,30.94,30.95,30.94,30.95
202009231708,30.9,30.93,30.89,30.93,30.95,30.99,30.95,30.99
202009231709,30.93,30.93,30.87,30.91,30.99,30.99,30.94,30.98
202009231710,30.91,30.92,30.89,30.91,30.98,30.99,30.95,30.97
202009231711,30.91,30.91,30.9,30.91,30.97,30.97,30.95,30.97
202009231712,30.91,30.91,30.91,30.91,30.97,30.97,30.96,30.96
202009231713,30.91,30.91,30.91,30.91,30.96,30.97,30.96,30.96
202009231714,30.91,30.91,30.87,30.87,30.96,30.97,30.93,30.93
202009231715,30.87,30.9,30.86,30.9,30.93,30.97,30.93,30.95
202009231716,30.9,30.9,30.87,30.9,30.95,30.95,30.94,30.95
202009231717,30.9,30.9,30.86,30.87,30.95,30.97,30.91,30.93
202009231718,30.87,30.9,30.86,30.89,30.93,30.97,30.93,30.95
202009231719,30.89,30.89,30.86,30.87,30.95,30.97,30.93,30.94
202009231720,30.87,30.89,30.86,30.87,30.94,30.97,30.94,30.94
202009231721,30.87,30.89,30.87,30.89,30.94,30.95,30.94,30.94
202009231722,30.9,30.92,30.9,30.9,30.95,30.99,30.95,30.95
202009231723,30.9,30.9,30.89,30.89,30.95,30.95,30.94,30.94
202009231724,30.89,30.9,30.89,30.9,30.94,30.95,30.94,30.95
202009231725,30.9,30.9,30.9,30.9,30.95,30.95,30.95,30.95
202009231726,30.89,30.89,30.86,30.86,30.94,30.96,30.93,30.96
202009231727,30.86,30.87,30.86,30.86,30.96,30.96,30.93,30.96
202009231728,30.86,30.87,30.82,30.82,30.96,30.96,30.88,30.88
202009231729,30.81,30.81,30.8,30.8,30.87,30.87,30.85,30.85
202009231730,30.8,30.8,30.76,30.76,30.85,30.85,30.81,30.81
202009231731,30.76,30.77,30.76,30.76,30.81,30.84,30.81,30.82
202009231732,30.76,30.79,30.76,30.79,30.82,30.86,30.82,30.84
202009231733,30.79,30.79,30.76,30.79,30.84,30.84,30.83,30.84
202009231734,30.79,30.79,30.79,30.79,30.84,30.85,30.84,30.85
202009231735,30.79,30.79,30.78,30.79,30.85,30.85,30.84,30.85
202009231736,30.79,30.79,30.79,30.79,30.85,30.85,30.84,30.85
202009231737,30.79,30.79,30.76,30.76,30.85,30.85,30.81,30.81
202009231738,30.76,30.76,30.76,30.76,30.81,30.86,30.81,30.86
202009231739,30.76,30.76,30.74,30.75,30.86,30.86,30.8,30.8
202009231740,30.75,30.76,30.74,30.76,30.8,30.82,30.79,30.82
202009231741,30.76,30.76,30.75,30.75,30.82,30.82,30.8,30.8
202009231742,30.75,30.76,30.75,30.75,30.8,30.81,30.8,30.8
202009231743,30.75,30.75,30.75,30.75,30.8,30.8,30.8,30.8
202009231744,30.75,30.75,30.75,30.75,30.8,30.8,30.8,30.8
202009231745,30.75,30.76,30.75,30.75,30.8,30.82,30.8,30.8
202009231746,30.75,30.75,30.75,30.75,30.8,30.8,30.8,30.8
202009231747,30.75,30.75,30.75,30.75,30.8,30.8,30.8,30.8
202009231748,30.75,30.75,30.74,30.74,30.8,30.8,30.79,30.79
202009231749,30.74,30.76,30.74,30.76,30.79,30.81,30.79,30.81
202009231750,30.75,30.76,30.75,30.76,30.8,30.81,30.8,30.81
202009231751,30.75,30.76,30.75,30.75,30.8,30.82,30.8,30.8
202009231752,30.75,30.75,30.75,30.75,30.8,30.8,30.8,30.8
202009231753,30.75,30.75,30.75,30.75,30.8,30.8,30.8,30.8
202009231754,30.75,30.75,30.75,30.75,30.8,30.8,30.8,30.8
202009231755,30.75,30.75,30.75,30.75,30.8,30.8,30.8,30.8
202009231756,30.75,30.75,30.74,30.74,30.8,30.8,30.79,30.79
202009231757,30.74,30.74,30.73,30.74,30.79,30.8,30.79,30.79
202009231758,30.74,30.75,30.73,30.74,30.79,30.8,30.79,30.79
202009231759,30.74,30.75,30.73,30.74,30.79,30.8,30.79,30.79
202009231800,30.75,30.75,30.74,30.75,30.8,30.8,30.79,30.8
202009231801,30.75,30.75,30.73,30.75,30.8,30.8,30.79,30.8
202009231802,30.75,30.75,30.74,30.74,30.8,30.8,30.79,30.79
202009231803,30.74,30.74,30.72,30.72,30.79,30.8,30.79,30.79
202009231804,30.72,30.74,30.71,30.73,30.79,30.79,30.76,30.79
202009231805,30.73,30.74,30.71,30.73,30.79,30.81,30.78,30.79
202009231806,30.73,30.74,30.73,30.73,30.79,30.79,30.79,30.79
202009231807,30.73,30.74,30.73,30.74,30.79,30.79,30.79,30.79
202009231808,30.74,30.75,30.74,30.75,30.79,30.8,30.79,30.8
202009231809,30.75,30.75,30.74,30.74,30.8,30.8,30.79,30.79
202009231810,30.74,30.74,30.73,30.74,30.79,30.79,30.79,30.79
202009231811,30.74,30.74,30.74,30.74,30.79,30.79,30.79,30.79
202009231812,30.74,30.74,30.73,30.73,30.79,30.79,30.79,30.79
202009231813,30.73,30.74,30.73,30.74,30.79,30.79,30.79,30.79
202009231814,30.74,30.74,30.74,30.74,30.79,30.79,30.79,30.79
202009231815,30.74,30.74,30.73,30.73,30.79,30.79,30.79,30.79
202009231816,30.73,30.74,30.73,30.74,30.79,30.79,30.79,30.79
202009231817,30.74,30.74,30.73,30.74,30.79,30.79,30.79,30.79
202009231818,30.74,30.74,30.73,30.74,30.79,30.79,30.79,30.79
202009231819,30.74,30.75,30.73,30.75,30.79,30.8,30.79,30.8
202009231820,30.75,30.75,30.74,30.75,30.8,30.8,30.79,30.8
202009231821,30.75,30.77,30.74,30.74,30.8,30.84,30.79,30.8
202009231822,30.73,30.74,30.73,30.74,30.79,30.79,30.79,30.79
202009231823,30.74,30.76,30.74,30.75,30.79,30.81,30.79,30.8
202009231824,30.75,30.76,30.75,30.75,30.8,30.81,30.8,30.8
202009231825,30.75,30.75,30.75,30.75,30.8,30.8,30.8,30.8
202009231826,30.75,30.75,30.74,30.75,30.8,30.8,30.79,30.8
202009231827,30.75,30.75,30.75,30.75,30.8,30.8,30.8,30.8
202009231828,30.75,30.75,30.74,30.74,30.8,30.8,30.79,30.79
202009231829,30.74,30.74,30.73,30.74,30.79,30.79,30.79,30.79
202009231830,30.74,30.74,30.71,30.71,30.79,30.81,30.79,30.81
202009231831,30.71,30.74,30.7,30.74,30.81,30.81,30.79,30.79
202009231832,30.74,30.74,30.73,30.73,30.79,30.79,30.79,30.79
202009231833,30.73,30.75,30.73,30.74,30.79,30.8,30.79,30.79
202009231834,30.74,30.75,30.74,30.75,30.79,30.8,30.79,30.8
202009231835,30.75,30.75,30.74,30.75,30.8,30.8,30.79,30.8
202009231836,30.74,30.75,30.74,30.75,30.79,30.8,30.79,30.8
202009231837,30.76,30.76,30.75,30.75,30.81,30.81,30.8,30.8
202009231838,30.76,30.78,30.75,30.76,30.81,30.84,30.81,30.81
202009231839,30.75,30.76,30.75,30.76,30.8,30.81,30.8,30.81
202009231840,30.76,30.76,30.73,30.74,30.81,30.81,30.79,30.79
202009231841,30.74,30.74,30.73,30.74,30.79,30.8,30.79,30.8
202009231842,30.74,30.75,30.73,30.74,30.8,30.8,30.79,30.8
202009231843,30.73,30.74,30.73,30.74,30.79,30.8,30.79,30.8
202009231844,30.74,30.74,30.72,30.72,30.8,30.8,30.79,30.79
202009231845,30.72,30.73,30.72,30.73,30.79,30.79,30.79,30.79
202009231846,30.73,30.73,30.73,30.73,30.79,30.79,30.79,30.79
202009231847,30.73,30.73,30.71,30.71,30.79,30.79,30.76,30.76
202009231848,30.71,30.71,30.71,30.71,30.76,30.76,30.76,30.76
202009231849,30.71,30.71,30.71,30.71,30.76,30.76,30.76,30.76
202009231850,30.71,30.71,30.71,30.71,30.76,30.76,30.76,30.76
202009231851,30.7,30.7,30.7,30.7,30.75,30.75,30.75,30.75
202009231852,30.7,30.75,30.7,30.7,30.75,30.8,30.75,30.8
202009231853,30.7,30.73,30.7,30.7,30.8,30.8,30.79,30.8
202009231854,30.7,30.7,30.7,30.7,30.8,30.8,30.8,30.8
202009231855,30.7,30.73,30.7,30.73,30.8,30.8,30.77,30.79
202009231856,30.73,30.73,30.72,30.73,30.79,30.79,30.79,30.79
202009231857,30.73,30.73,30.72,30.72,30.79,30.79,30.79,30.79
202009231858,30.72,30.74,30.71,30.74,30.79,30.79,30.78,30.79
202009231859,30.74,30.74,30.73,30.73,30.79,30.79,30.79,30.79
202009231900,30.73,30.74,30.73,30.74,30.79,30.79,30.79,30.79
202009231901,30.74,30.74,30.74,30.74,30.79,30.79,30.79,30.79
202009231902,30.74,30.74,30.74,30.74,30.79,30.79,30.79,30.79
202009231903,30.74,30.74,30.74,30.74,30.79,30.79,30.79,30.79
202009231904,30.74,30.74,30.74,30.74,30.79,30.79,30.79,30.79
202009231905,30.74,30.74,30.74,30.74,30.79,30.79,30.79,30.79
202009231906,30.74,30.74,30.74,30.74,30.79,30.79,30.79,30.79
202009231907,30.74,30.74,30.74,30.74,30.79,30.79,30.79,30.79
202009231908,30.74,30.79,30.74,30.79,30.79,30.84,30.79,30.84
202009231909,30.79,30.79,30.79,30.79,30.84,30.84,30.84,30.84
202009231910,30.79,30.79,30.79,30.79,30.84,30.84,30.84,30.84
202009231911,30.79,30.79,30.79,30.79,30.84,30.84,30.84,30.84
202009231912,30.79,30.79,30.79,30.79,30.84,30.84,30.84,30.84
202009231913,30.79,30.79,30.74,30.78,30.84,30.84,30.84,30.84
202009231914,30.78,30.78,30.76,30.76,30.84,30.84,30.81,30.82
202009231915,30.76,30.78,30.76,30.78,30.82,30.84,30.81,30.84
202009231916,30.78,30.79,30.76,30.79,30.84,30.84,30.83,30.84
202009231917,30.79,30.79,30.78,30.79,30.84,30.84,30.84,30.84
202009231918,30.79,30.8,30.79,30.8,30.84,30.85,30.84,30.85
202009231919,30.8,30.84,30.8,30.84,30.85,30.89,30.85,30.89
202009231920,30.84,30.84,30.78,30.8,30.89,30.89,30.86,30.86
202009231921,30.8,30.83,30.78,30.8,30.86,30.89,30.85,30.85
202009231922,30.8,30.81,30.8,30.8,30.85,30.87,30.85,30.86
202009231923,30.8,30.82,30.78,30.8,30.86,30.89,30.85,30.85
202009231924,30.8,30.84,30.79,30.84,30.85,30.89,30.85,30.89
202009231925,30.84,30.84,30.84,30.84,30.89,30.89,30.89,30.89
202009231926,30.84,30.84,30.83,30.84,30.89,30.89,30.89,30.89
202009231927,30.84,30.84,30.79,30.82,30.89,30.89,30.87,30.89
202009231928,30.82,30.85,30.82,30.85,30.89,30.9,30.89,30.9
202009231929,30.85,30.85,30.85,30.85,30.9,30.9,30.9,30.9
202009231930,30.85,30.85,30.85,30.85,30.9,30.9,30.9,30.9
202009231931,30.85,30.85,30.85,30.85,30.9,30.9,30.9,30.9
202009231932,30.85,30.85,30.85,30.85,30.9,30.9,30.9,30.9
202009231933,30.85,30.85,30.85,30.85,30.9,30.9,30.9,30.9
202009231934,30.85,30.85,30.85,30.85,30.9,30.9,30.9,30.9
202009231935,30.85,30.85,30.85,30.85,30.9,30.9,30.9,30.9
202009231936,30.85,30.85,30.85,30.85,30.9,30.9,30.9,30.9
202009231937,30.85,30.85,30.85,30.85,30.9,30.9,30.9,30.9
202009231938,30.85,30.85,30.85,30.85,30.9,30.9,30.9,30.9
202009231939,30.85,30.91,30.85,30.89,30.9,30.96,30.9,30.94
202009231940,30.89,30.9,30.89,30.9,30.94,30.95,30.94,30.95
202009231941,30.9,30.9,30.86,30.86,30.95,30.96,30.93,30.96
202009231942,30.85,30.89,30.85,30.89,30.95,30.95,30.93,30.94
202009231943,30.89,30.89,30.88,30.89,30.94,30.94,30.94,30.94
202009231944,30.89,30.89,30.88,30.88,30.94,30.94,30.94,30.94
202009231945,30.88,30.89,30.86,30.87,30.94,30.94,30.93,30.94
202009231946,30.87,30.89,30.87,30.89,30.94,30.94,30.94,30.94
202009231947,30.89,30.89,30.89,30.89,30.94,30.94,30.94,30.94
202009231948,30.89,30.89,30.89,30.89,30.94,30.94,30.94,30.94
202009231949,30.89,30.89,30.86,30.86,30.94,30.94,30.91,30.91
202009231950,30.86,30.86,30.86,30.86,30.91,30.91,30.91,30.91
202009231951,30.86,30.86,30.81,30.81,30.91,30.91,30.86,30.86
202009231952,30.81,30.82,30.81,30.81,30.86,30.89,30.86,30.87
202009231953,30.81,30.81,30.81,30.81,30.87,30.87,30.86,30.86
202009231954,30.81,30.82,30.8,30.81,30.86,30.9,30.86,30.86
202009231955,30.81,30.84,30.8,30.83,30.86,30.9,30.86,30.89
202009231956,30.83,30.84,30.8,30.82,30.89,30.9,30.88,30.89
202009231957,30.82,30.9,30.82,30.9,30.89,30.95,30.89,30.95
202009231958,30.9,30.9,30.89,30.89,30.95,30.95,30.94,30.94
202009231959,30.9,30.92,30.88,30.9,30.95,30.99,30.95,30.95
202009232000,30.9,30.91,30.9,30.9,30.95,30.98,30.95,30.96
202009232001,30.9,30.92,30.89,30.9,30.96,30.99,30.95,30.96
202009232002,30.9,30.95,30.9,30.95,30.96,31.01,30.96,31
202009232003,30.95,30.96,30.95,30.96,31,31.02,31,31.01
202009232004,30.96,30.97,30.94,30.96,31.01,31.05,31.01,31.01
202009232005,30.96,30.96,30.95,30.96,31.01,31.02,31,31.01
202009232006,30.96,30.96,30.95,30.95,31.02,31.02,31,31
202009232007,30.95,30.96,30.93,30.94,31,31.04,30.99,31.04
202009232008,30.94,30.98,30.94,30.96,31.04,31.04,31.02,31.02
202009232009,30.96,30.97,30.94,30.94,31.02,31.04,31.02,31.04
202009232010,30.94,30.96,30.94,30.94,31.04,31.04,31.02,31.04
202009232011,30.94,30.97,30.94,30.94,31.04,31.04,31.01,31.04
202009232012,30.94,30.96,30.94,30.96,31.04,31.04,31.02,31.03
202009232013,30.96,31.01,30.94,31.01,31.03,31.09,31.02,31.07
202009232014,31.01,31.07,30.98,31.07,31.07,31.13,31.07,31.13
202009232015,31.06,31.07,31.04,31.05,31.12,31.14,31.1,31.1
202009232016,31.05,31.06,31.03,31.04,31.1,31.12,31.09,31.09
202009232017,31.04,31.06,31.04,31.06,31.09,31.12,31.09,31.12
202009232018,31.06,31.06,31.04,31.04,31.12,31.14,31.11,31.14
202009232019,31.04,31.06,31.04,31.06,31.14,31.14,31.11,31.12
202009232020,31.06,31.06,31.04,31.04,31.12,31.14,31.12,31.14
202009232021,31.04,31.06,31.04,31.05,31.14,31.14,31.1,31.1
202009232022,31.05,31.05,31.02,31.02,31.1,31.1,31.09,31.09
202009232023,31.02,31.04,31.02,31.03,31.09,31.1,31.09,31.09
202009232024,31.03,31.05,31.03,31.05,31.09,31.1,31.09,31.1
202009232025,31.05,31.05,31.03,31.04,31.1,31.1,31.09,31.09
202009232026,31.04,31.04,31.03,31.04,31.09,31.1,31.09,31.09
202009232027,31.04,31.05,31.03,31.05,31.09,31.1,31.09,31.1
202009232028,31.05,31.05,31.03,31.04,31.1,31.1,31.09,31.09
202009232029,31.04,31.04,31.03,31.03,31.09,31.1,31.09,31.09
202009232030,31.03,31.04,31.02,31.04,31.09,31.09,31.08,31.09
202009232031,31.04,31.04,31.03,31.03,31.09,31.09,31.09,31.09
202009232032,31.03,31.04,31,31.03,31.09,31.1,31.08,31.09
202009232033,31.03,31.04,31.01,31.01,31.09,31.09,31.06,31.06
202009232034,31.01,31.01,31,31,31.06,31.06,31.05,31.05
202009232035,31,31.01,31,31.01,31.05,31.06,31.05,31.06
202009232036,31,31,31,31,31.05,31.05,31.05,31.05
202009232037,31,31,30.95,30.95,31.05,31.05,31,31
202009232038,30.95,30.95,30.92,30.93,31,31,30.99,30.99
202009232039,30.93,30.93,30.92,30.93,30.99,30.99,30.99,30.99
202009232040,30.93,30.95,30.92,30.95,30.99,31,30.99,31
202009232041,30.95,30.95,30.94,30.95,31,31,31,31
202009232042,30.95,30.98,30.95,30.98,31,31.05,31,31.04
202009232043,30.98,31.02,30.98,31.01,31.04,31.09,31.04,31.07
202009232044,31,31.01,31,31.01,31.06,31.08,31.06,31.07
202009232045,31.01,31.01,31,31,31.07,31.08,31.06,31.06
202009232046,31,31.03,30.98,30.98,31.06,31.09,31.06,31.08
202009232047,30.98,31.03,30.98,31,31.08,31.09,31.06,31.06
202009232048,31,31.01,30.98,31.01,31.06,31.08,31.06,31.06
202009232049,31.01,31.03,30.98,30.99,31.06,31.09,31.06,31.09
202009232050,30.99,31.05,30.99,31.04,31.09,31.1,31.08,31.09
202009232051,31.04,31.08,31.04,31.08,31.09,31.14,31.09,31.14
202009232052,31.08,31.14,31.06,31.1,31.14,31.2,31.13,31.2
202009232053,31.1,31.13,31.08,31.08,31.2,31.2,31.17,31.18
202009232054,31.08,31.11,31.08,31.08,31.18,31.19,31.16,31.18
202009232055,31.08,31.11,31.08,31.1,31.18,31.19,31.16,31.16
202009232056,31.1,31.1,31.1,31.1,31.16,31.16,31.16,31.16
202009232057,31.1,31.11,31.1,31.11,31.16,31.18,31.16,31.17
202009232058,31.11,31.11,31.08,31.11,31.17,31.18,31.16,31.16
202009232059,31.11,31.12,31.08,31.11,31.16,31.19,31.16,31.17
202009232100,31.11,31.12,31.11,31.11,31.17,31.19,31.16,31.16
202009232101,31.11,31.12,31.08,31.1,31.16,31.19,31.16,31.16
202009232102,31.11,31.13,31.08,31.1,31.17,31.19,31.16,31.16
202009232103,31.1,31.16,31.1,31.15,31.16,31.21,31.16,31.2
202009232104,31.15,31.16,31.15,31.15,31.2,31.21,31.2,31.2
202009232105,31.15,31.15,31.09,31.09,31.2,31.2,31.14,31.14
202009232106,31.09,31.1,31.09,31.09,31.14,31.15,31.14,31.14
202009232107,31.09,31.14,31.09,31.13,31.14,31.19,31.14,31.19
202009232108,31.13,31.14,31.13,31.14,31.19,31.19,31.19,31.19
202009232109,31.14,31.14,31.09,31.11,31.19,31.2,31.17,31.17
202009232110,31.11,31.12,31.09,31.11,31.17,31.19,31.17,31.18
202009232111,31.11,31.14,31.09,31.14,31.18,31.19,31.18,31.19
202009232112,31.14,31.14,31.12,31.13,31.19,31.19,31.19,31.19
202009232113,31.13,31.14,31.12,31.13,31.19,31.2,31.19,31.19
202009232114,31.13,31.14,31.09,31.11,31.19,31.2,31.17,31.17
202009232115,31.11,31.11,31.1,31.1,31.17,31.17,31.15,31.15
202009232116,31.1,31.1,31.09,31.09,31.15,31.15,31.15,31.15
202009232117,31.08,31.12,31.08,31.11,31.14,31.19,31.14,31.17
202009232118,31.11,31.11,31.09,31.09,31.17,31.17,31.15,31.15
202009232119,31.09,31.09,31.08,31.08,31.15,31.15,31.14,31.14
202009232120,31.08,31.09,31.06,31.08,31.14,31.16,31.14,31.14
202009232121,31.09,31.14,31.09,31.12,31.15,31.19,31.14,31.18
202009232122,31.13,31.17,31.13,31.16,31.19,31.24,31.19,31.22
202009232123,31.16,31.16,31.13,31.16,31.22,31.22,31.19,31.21
202009232124,31.14,31.16,31.14,31.15,31.19,31.22,31.19,31.2
202009232125,31.15,31.17,31.13,31.14,31.2,31.24,31.19,31.19
202009232126,31.14,31.15,31.13,31.13,31.19,31.21,31.19,31.19
202009232127,31.13,31.15,31.13,31.14,31.19,31.2,31.19,31.2
202009232128,31.14,31.15,31.1,31.1,31.2,31.2,31.19,31.2
202009232129,31.11,31.14,31.1,31.11,31.21,31.21,31.17,31.17
202009232130,31.11,31.12,31.06,31.08,31.17,31.18,31.13,31.14
202009232131,31.08,31.08,31.05,31.05,31.14,31.15,31.13,31.15
202009232132,31.05,31.07,31.05,31.06,31.15,31.16,31.11,31.11
202009232133,31.06,31.07,31.06,31.06,31.11,31.14,31.11,31.12
202009232134,31.06,31.08,31.04,31.06,31.12,31.15,31.12,31.12
202009232135,31.06,31.09,31.06,31.09,31.12,31.14,31.12,31.14
202009232136,31.09,31.09,31.09,31.09,31.14,31.14,31.14,31.14
202009232137,31.09,31.1,31.09,31.1,31.14,31.15,31.14,31.15
202009232138,31.1,31.1,31.1,31.1,31.15,31.15,31.15,31.15
202009232139,31.1,31.12,31.09,31.11,31.15,31.19,31.15,31.16
202009232140,31.11,31.12,31.11,31.11,31.16,31.18,31.16,31.16
202009232141,31.1,31.1,31.09,31.09,31.15,31.15,31.14,31.14
202009232142,31.1,31.1,31.09,31.09,31.15,31.15,31.14,31.14
202009232143,31.1,31.1,31.09,31.09,31.15,31.15,31.14,31.14
202009232144,31.09,31.14,31.09,31.14,31.14,31.19,31.14,31.19
202009232145,31.14,31.19,31.14,31.19,31.19,31.24,31.19,31.24
202009232146,31.19,31.21,31.19,31.21,31.24,31.29,31.24,31.27
202009232147,31.21,31.22,31.19,31.2,31.27,31.29,31.25,31.25
202009232148,31.2,31.21,31.2,31.2,31.25,31.28,31.25,31.25
202009232149,31.2,31.2,31.18,31.2,31.25,31.25,31.24,31.25
202009232150,31.2,31.2,31.18,31.18,31.25,31.25,31.24,31.24
202009232151,31.18,31.2,31.18,31.2,31.24,31.25,31.24,31.25
202009232152,31.2,31.2,31.19,31.19,31.25,31.25,31.24,31.24
202009232153,31.19,31.2,31.18,31.19,31.24,31.25,31.24,31.25
202009232154,31.18,31.19,31.15,31.16,31.24,31.26,31.21,31.21
202009232155,31.16,31.17,31.15,31.17,31.21,31.24,31.2,31.24
202009232156,31.17,31.2,31.16,31.2,31.24,31.25,31.23,31.25
202009232157,31.2,31.21,31.16,31.17,31.25,31.26,31.23,31.23
202009232158,31.17,31.17,31.09,31.1,31.23,31.23,31.14,31.15
202009232159,31.09,31.09,31.06,31.06,31.14,31.14,31.11,31.11
202009232200,31.06,31.07,31,31.01,31.11,31.14,31.06,31.06
202009232201,30.99,31.01,30.97,31,31.04,31.06,31.03,31.05
202009232202,31,31.03,31,31.01,31.05,31.09,31.05,31.06
202009232203,31.01,31.01,30.99,30.99,31.06,31.07,31.04,31.04
202009232204,31,31,31,31,31.05,31.05,31.05,31.05
202009232205,31,31,30.99,31,31.05,31.05,31.04,31.05
202009232206,31,31,30.98,30.99,31.05,31.05,31.04,31.04
202009232207,30.99,31,30.99,31,31.04,31.05,31.04,31.05
202009232208,31,31,30.98,30.98,31.05,31.05,31.04,31.04
202009232209,30.98,30.99,30.98,30.98,31.04,31.04,31.04,31.04
202009232210,30.98,30.99,30.96,30.98,31.04,31.04,31.03,31.04
202009232211,30.98,31,30.98,31,31.04,31.05,31.04,31.05
202009232212,31,31.01,30.99,30.99,31.05,31.07,31.04,31.04
202009232213,30.99,31.01,30.99,31.01,31.04,31.07,31.04,31.07
202009232214,31.01,31.01,30.98,30.98,31.07,31.07,31.04,31.04
202009232215,30.98,30.99,30.98,30.99,31.04,31.04,31.04,31.04
202009232216,30.99,30.99,30.95,30.99,31.04,31.05,31.03,31.04
202009232217,30.99,30.99,30.98,30.99,31.04,31.04,31.04,31.04
202009232218,30.99,30.99,30.96,30.99,31.04,31.04,31.03,31.04
202009232219,30.99,30.99,30.99,30.99,31.04,31.04,31.04,31.04
202009232220,30.99,31,30.99,30.99,31.04,31.05,31.04,31.04
202009232221,30.99,31,30.99,31,31.04,31.05,31.04,31.05
202009232222,31,31.02,30.98,30.99,31.05,31.09,31.04,31.04
202009232223,30.99,31,30.99,30.99,31.04,31.05,31.04,31.04
202009232224,30.99,31,30.99,31,31.04,31.05,31.04,31.05
202009232225,31,31.05,31,31.05,31.05,31.1,31.05,31.1
202009232226,31.04,31.07,31.03,31.06,31.09,31.14,31.09,31.11
202009232227,31.05,31.07,31.05,31.06,31.1,31.13,31.1,31.12
202009232228,31.06,31.09,31.06,31.09,31.12,31.14,31.11,31.14
202009232229,31.09,31.1,31.09,31.09,31.14,31.15,31.14,31.14
202009232230,31.09,31.09,30.98,31,31.14,31.14,31.04,31.05
202009232231,31.01,31.04,30.95,31.01,31.06,31.1,31.03,31.08
202009232232,31.03,31.1,31,31.1,31.09,31.15,31.06,31.15
202009232233,31.1,31.17,31.09,31.16,31.15,31.25,31.14,31.22
202009232234,31.16,31.22,31.15,31.2,31.22,31.28,31.21,31.25
202009232235,31.2,31.3,31.16,31.3,31.25,31.35,31.23,31.35
202009232236,31.31,31.31,31.26,31.26,31.36,31.36,31.31,31.31
202009232237,31.26,31.26,31.15,31.24,31.31,31.31,31.23,31.29
202009232238,31.26,31.28,31.21,31.21,31.31,31.34,31.28,31.31
202009232239,31.21,31.24,31.16,31.18,31.31,31.31,31.23,31.24
202009232240,31.18,31.22,31.16,31.18,31.24,31.28,31.23,31.24
202009232241,31.18,31.22,31.17,31.17,31.24,31.28,31.23,31.23
202009232242,31.17,31.2,31.17,31.17,31.23,31.25,31.23,31.23
202009232243,31.18,31.19,31.14,31.17,31.24,31.26,31.19,31.23
202009232244,31.17,31.17,31.1,31.13,31.23,31.25,31.18,31.19
202009232245,31.13,31.2,31.13,31.2,31.19,31.25,31.19,31.25
202009232246,31.2,31.22,31.17,31.17,31.25,31.28,31.24,31.24
202009232247,31.17,31.17,31.06,31.14,31.24,31.24,31.11,31.19
202009232248,31.14,31.16,31.11,31.11,31.19,31.25,31.16,31.16
202009232249,31.11,31.15,31.1,31.14,31.16,31.2,31.16,31.19
202009232250,31.14,31.18,31.1,31.11,31.19,31.25,31.15,31.16
202009232251,31.1,31.15,31.08,31.15,31.15,31.2,31.14,31.2
202009232252,31.15,31.34,31.15,31.34,31.2,31.39,31.2,31.39
202009232253,31.35,31.42,31.35,31.36,31.4,31.48,31.4,31.41
202009232254,31.35,31.39,31.25,31.39,31.4,31.44,31.33,31.44
202009232255,31.41,31.41,31.3,31.36,31.46,31.46,31.36,31.41
202009232256,31.36,31.39,31.31,31.32,31.41,31.44,31.36,31.38
202009232257,31.33,31.42,31.3,31.37,31.39,31.48,31.38,31.43
202009232258,31.37,31.41,31.35,31.39,31.43,31.46,31.43,31.44
202009232259,31.39,31.42,31.35,31.38,31.44,31.48,31.43,31.44
202009232300,31.38,31.39,31.26,31.26,31.44,31.44,31.31,31.31
202009232301,31.25,31.3,31.23,31.26,31.3,31.35,31.29,31.31
202009232302,31.26,31.29,31.25,31.26,31.31,31.35,31.31,31.31
202009232303,31.24,31.25,31.21,31.24,31.29,31.3,31.28,31.29
202009232304,31.24,31.25,31.21,31.21,31.29,31.3,31.26,31.26
202009232305,31.21,31.31,31.2,31.31,31.26,31.38,31.25,31.38
202009232306,31.31,31.31,31.26,31.31,31.38,31.38,31.31,31.36
202009232307,31.31,31.36,31.25,31.36,31.36,31.41,31.31,31.41
202009232308,31.36,31.46,31.36,31.41,31.41,31.51,31.41,31.46
202009232309,31.41,31.41,31.33,31.36,31.46,31.46,31.39,31.41
202009232310,31.36,31.39,31.35,31.36,31.41,31.45,31.4,31.41
202009232311,31.35,31.35,31.29,31.3,31.4,31.4,31.34,31.35
202009232312,31.29,31.29,31.24,31.26,31.34,31.36,31.29,31.36
202009232313,31.26,31.32,31.25,31.31,31.36,31.41,31.3,31.36
202009232314,31.31,31.31,31.2,31.2,31.36,31.36,31.25,31.25
202009232315,31.2,31.24,31.15,31.19,31.25,31.29,31.2,31.24
202009232316,31.19,31.34,31.16,31.32,31.24,31.39,31.22,31.38
202009232317,31.32,31.33,31.26,31.26,31.38,31.41,31.31,31.31
202009232318,31.26,31.28,31.24,31.24,31.31,31.35,31.29,31.29
202009232319,31.24,31.24,31.2,31.24,31.29,31.29,31.25,31.29
202009232320,31.26,31.26,31.2,31.2,31.31,31.31,31.25,31.25
202009232321,31.19,31.2,31.15,31.15,31.24,31.25,31.2,31.2
202009232322,31.16,31.29,31.16,31.26,31.21,31.34,31.21,31.32
202009232323,31.26,31.26,31.21,31.22,31.32,31.32,31.26,31.29
202009232324,31.22,31.24,31.19,31.23,31.29,31.29,31.24,31.28
202009232325,31.24,31.26,31.16,31.16,31.29,31.32,31.21,31.21
202009232326,31.13,31.14,31.05,31.09,31.19,31.19,31.12,31.14
202009232327,31.09,31.12,31.07,31.09,31.14,31.18,31.13,31.14
202009232328,31.09,31.11,31.06,31.07,31.14,31.17,31.11,31.13
202009232329,31.07,31.1,31.05,31.08,31.13,31.16,31.13,31.13
202009232330,31.1,31.1,31.06,31.06,31.15,31.16,31.11,31.16
202009232331,31.06,31.09,31,31.04,31.16,31.16,31.06,31.09
202009232332,31.05,31.08,31.05,31.05,31.1,31.17,31.1,31.1
202009232333,31.05,31.05,31.04,31.04,31.1,31.1,31.09,31.09
202009232334,31.04,31.13,31.03,31.1,31.09,31.2,31.09,31.2
202009232335,31.1,31.37,31.1,31.36,31.2,31.45,31.18,31.42
202009232336,31.37,31.38,31.26,31.29,31.43,31.45,31.33,31.34
202009232337,31.3,31.35,31.26,31.26,31.35,31.4,31.32,31.32
202009232338,31.26,31.29,31.21,31.21,31.32,31.34,31.26,31.28
202009232339,31.21,31.24,31.2,31.21,31.28,31.3,31.25,31.26
202009232340,31.21,31.21,31.1,31.16,31.26,31.27,31.17,31.21
202009232341,31.15,31.15,31,31.01,31.2,31.2,31.05,31.08
202009232342,31.01,31.09,31.01,31.06,31.08,31.14,31.07,31.13
202009232343,31.06,31.15,31.06,31.09,31.13,31.2,31.13,31.14
202009232344,31.11,31.12,31.09,31.1,31.16,31.19,31.14,31.15
202009232345,31.11,31.15,31.09,31.09,31.16,31.2,31.14,31.14
202009232346,31.1,31.13,31.1,31.11,31.15,31.2,31.15,31.16
202009232347,31.1,31.12,31.1,31.1,31.15,31.2,31.15,31.15
202009232348,31.1,31.1,31.04,31.04,31.15,31.16,31.09,31.09
202009232349,31.04,31.04,31.01,31.04,31.09,31.11,31.09,31.09
202009232350,31.04,31.07,31,31.06,31.09,31.15,31.05,31.12
202009232351,31.06,31.14,31.05,31.14,31.12,31.2,31.1,31.19
202009232352,31.15,31.17,31.12,31.14,31.2,31.25,31.18,31.19
202009232353,31.14,31.14,31.1,31.11,31.19,31.21,31.15,31.18
202009232354,31.11,31.14,31.06,31.1,31.18,31.2,31.12,31.2
202009232355,31.1,31.16,31.1,31.12,31.2,31.22,31.16,31.18
202009232356,31.11,31.11,31.06,31.06,31.17,31.17,31.12,31.12
202009232357,31.06,31.11,31.04,31.11,31.12,31.17,31.09,31.16
202009232358,31.1,31.3,31.1,31.3,31.15,31.35,31.15,31.35
202009232359,31.3,31.3,31.25,31.26,31.35,31.35,31.31,31.32
202009240000,31.26,31.27,31.2,31.2,31.32,31.33,31.25,31.25
202009240001,31.2,31.35,31.2,31.35,31.25,31.4,31.25,31.4
202009240002,31.35,31.35,31.19,31.21,31.4,31.4,31.26,31.26
202009240003,31.21,31.27,31.21,31.26,31.26,31.33,31.26,31.31
202009240004,31.26,31.31,31.25,31.26,31.31,31.36,31.31,31.31
202009240005,31.26,31.26,31.16,31.16,31.31,31.31,31.21,31.21
202009240006,31.15,31.16,31.14,31.15,31.2,31.21,31.19,31.2
202009240007,31.16,31.21,31.16,31.21,31.21,31.3,31.21,31.26
202009240008,31.21,31.22,31.15,31.18,31.26,31.29,31.21,31.24
202009240009,31.18,31.22,31.18,31.2,31.24,31.28,31.24,31.25
202009240010,31.19,31.25,31.16,31.24,31.24,31.3,31.21,31.29
202009240011,31.24,31.24,31.19,31.2,31.29,31.29,31.24,31.25
202009240012,31.19,31.25,31.17,31.21,31.24,31.3,31.23,31.26
202009240013,31.21,31.21,31.13,31.15,31.26,31.26,31.19,31.2
202009240014,31.16,31.24,31.16,31.22,31.21,31.3,31.21,31.28
202009240015,31.22,31.29,31.2,31.2,31.28,31.35,31.25,31.25
202009240016,31.18,31.22,31.15,31.17,31.23,31.29,31.2,31.24
202009240017,31.17,31.24,31.15,31.23,31.24,31.29,31.22,31.29
202009240018,31.23,31.28,31.21,31.28,31.29,31.34,31.27,31.33
202009240019,31.29,31.3,31.23,31.24,31.34,31.35,31.29,31.29
202009240020,31.24,31.28,31.21,31.26,31.29,31.35,31.28,31.32
202009240021,31.26,31.34,31.26,31.34,31.32,31.41,31.31,31.39
202009240022,31.34,31.37,31.31,31.36,31.39,31.43,31.38,31.42
202009240023,31.36,31.39,31.34,31.34,31.42,31.45,31.39,31.39
202009240024,31.34,31.36,31.34,31.36,31.39,31.42,31.39,31.42
202009240025,31.36,31.41,31.35,31.36,31.42,31.46,31.41,31.43
202009240026,31.36,31.38,31.3,31.36,31.43,31.45,31.38,31.41
202009240027,31.36,31.41,31.36,31.38,31.41,31.47,31.41,31.44
202009240028,31.38,31.44,31.38,31.44,31.44,31.49,31.44,31.49
202009240029,31.45,31.47,31.44,31.46,31.5,31.53,31.49,31.51
202009240030,31.46,31.46,31.4,31.44,31.51,31.52,31.46,31.49
202009240031,31.44,31.47,31.43,31.44,31.49,31.53,31.49,31.49
202009240032,31.45,31.52,31.45,31.5,31.5,31.59,31.5,31.55
202009240033,31.5,31.5,31.48,31.49,31.55,31.55,31.53,31.54
202009240034,31.5,31.51,31.46,31.46,31.55,31.56,31.52,31.52
202009240035,31.46,31.48,31.44,31.44,31.52,31.54,31.49,31.49
202009240036,31.46,31.46,31.39,31.39,31.51,31.51,31.44,31.44
202009240037,31.41,31.41,31.35,31.39,31.46,31.46,31.43,31.44
202009240038,31.39,31.39,31.36,31.36,31.44,31.44,31.41,31.41
202009240039,31.36,31.36,31.33,31.35,31.41,31.41,31.39,31.4
202009240040,31.35,31.39,31.35,31.39,31.4,31.44,31.4,31.44
202009240041,31.39,31.39,31.38,31.38,31.44,31.44,31.44,31.44
202009240042,31.38,31.38,31.31,31.31,31.44,31.44,31.36,31.36
202009240043,31.31,31.35,31.3,31.34,31.36,31.4,31.36,31.39
202009240044,31.34,31.35,31.3,31.3,31.39,31.4,31.35,31.35
202009240045,31.3,31.36,31.3,31.36,31.35,31.41,31.35,31.41
202009240046,31.33,31.36,31.3,31.36,31.38,31.41,31.36,31.41
202009240047,31.36,31.41,31.36,31.37,31.41,31.47,31.41,31.44
202009240048,31.37,31.4,31.35,31.4,31.44,31.45,31.41,31.45
202009240049,31.39,31.4,31.36,31.4,31.44,31.45,31.42,31.45
202009240050,31.41,31.51,31.41,31.51,31.47,31.56,31.47,31.56
202009240051,31.51,31.54,31.48,31.52,31.56,31.6,31.54,31.57
202009240052,31.52,31.53,31.5,31.51,31.57,31.6,31.56,31.57
202009240053,31.51,31.57,31.5,31.57,31.57,31.63,31.56,31.63
202009240054,31.57,31.57,31.55,31.56,31.63,31.63,31.6,31.61
202009240055,31.56,31.56,31.54,31.56,31.61,31.61,31.59,31.61
202009240056,31.56,31.56,31.5,31.5,31.61,31.61,31.55,31.55
202009240057,31.5,31.51,31.5,31.51,31.55,31.56,31.55,31.56
202009240058,31.49,31.54,31.49,31.53,31.54,31.59,31.54,31.59
202009240059,31.53,31.6,31.53,31.57,31.59,31.65,31.59,31.63
202009240100,31.57,31.66,31.56,31.56,31.63,31.72,31.61,31.61
202009240101,31.56,31.57,31.51,31.51,31.61,31.65,31.56,31.56
202009240102,31.49,31.49,31.41,31.45,31.54,31.54,31.46,31.5
202009240103,31.45,31.47,31.4,31.46,31.5,31.53,31.48,31.51
202009240104,31.45,31.49,31.43,31.49,31.5,31.54,31.49,31.54
202009240105,31.5,31.51,31.45,31.5,31.55,31.57,31.52,31.55
202009240106,31.5,31.5,31.37,31.4,31.55,31.55,31.43,31.45
202009240107,31.4,31.4,31.36,31.37,31.45,31.45,31.41,31.42
202009240108,31.36,31.39,31.33,31.36,31.42,31.44,31.39,31.41
202009240109,31.36,31.37,31.34,31.34,31.41,31.45,31.39,31.39
202009240110,31.34,31.34,31.3,31.31,31.39,31.4,31.36,31.36
202009240111,31.31,31.32,31.31,31.31,31.36,31.38,31.36,31.36
202009240112,31.31,31.34,31.3,31.32,31.36,31.4,31.36,31.38
202009240113,31.32,31.36,31.32,31.34,31.38,31.42,31.38,31.39
202009240114,31.34,31.36,31.31,31.31,31.39,31.41,31.37,31.37
202009240115,31.32,31.35,31.3,31.35,31.38,31.4,31.36,31.4
202009240116,31.35,31.37,31.27,31.28,31.4,31.43,31.33,31.33
202009240117,31.3,31.31,31.26,31.31,31.35,31.37,31.33,31.36
202009240118,31.31,31.39,31.31,31.39,31.36,31.44,31.36,31.44
202009240119,31.4,31.46,31.39,31.46,31.45,31.52,31.44,31.52
202009240120,31.46,31.47,31.46,31.46,31.52,31.54,31.51,31.51
202009240121,31.46,31.62,31.46,31.61,31.51,31.7,31.51,31.66
202009240122,31.61,31.62,31.56,31.61,31.66,31.68,31.63,31.67
202009240123,31.61,31.61,31.57,31.6,31.68,31.68,31.63,31.65
202009240124,31.59,31.59,31.49,31.49,31.64,31.64,31.54,31.54
202009240125,31.49,31.49,31.37,31.39,31.54,31.54,31.43,31.44
202009240126,31.4,31.42,31.3,31.33,31.45,31.48,31.38,31.39
202009240127,31.33,31.39,31.32,31.32,31.39,31.44,31.38,31.38
202009240128,31.32,31.39,31.3,31.34,31.38,31.44,31.35,31.39
202009240129,31.34,31.37,31.33,31.36,31.39,31.44,31.39,31.43
202009240130,31.36,31.37,31.33,31.37,31.43,31.45,31.39,31.43
202009240131,31.37,31.43,31.37,31.4,31.43,31.5,31.43,31.45
202009240132,31.39,31.41,31.3,31.3,31.44,31.47,31.38,31.4
202009240133,31.3,31.39,31.29,31.38,31.4,31.44,31.34,31.44
202009240134,31.38,31.39,31.3,31.34,31.44,31.45,31.38,31.39
202009240135,31.34,31.37,31.3,31.34,31.39,31.45,31.38,31.39
202009240136,31.34,31.34,31.29,31.29,31.39,31.39,31.34,31.34
202009240137,31.3,31.3,31.25,31.25,31.35,31.35,31.3,31.3
202009240138,31.26,31.29,31.26,31.28,31.31,31.36,31.31,31.34
202009240139,31.28,31.29,31.21,31.21,31.34,31.34,31.26,31.26
202009240140,31.21,31.23,31.17,31.19,31.26,31.29,31.23,31.24
202009240141,31.19,31.22,31.19,31.19,31.24,31.3,31.24,31.24
202009240142,31.19,31.19,31.15,31.19,31.24,31.25,31.24,31.24
202009240143,31.19,31.2,31.18,31.19,31.24,31.25,31.24,31.24
202009240144,31.19,31.19,31.16,31.18,31.24,31.24,31.22,31.24
202009240145,31.18,31.2,31.16,31.17,31.24,31.25,31.23,31.23
202009240146,31.17,31.18,31.13,31.14,31.23,31.24,31.19,31.19
202009240147,31.15,31.18,31.15,31.16,31.2,31.25,31.2,31.21
202009240148,31.16,31.16,31.09,31.11,31.21,31.21,31.14,31.17
202009240149,31.11,31.14,31.1,31.11,31.17,31.19,31.15,31.16
202009240150,31.11,31.17,31.11,31.16,31.16,31.23,31.16,31.21
202009240151,31.16,31.16,31.14,31.16,31.21,31.21,31.19,31.21
202009240152,31.16,31.19,31.14,31.19,31.21,31.25,31.19,31.24
202009240153,31.19,31.21,31.18,31.19,31.24,31.26,31.24,31.24
202009240154,31.19,31.21,31.16,31.21,31.24,31.27,31.23,31.26
202009240155,31.2,31.22,31.16,31.21,31.25,31.28,31.22,31.26
202009240156,31.21,31.21,31.15,31.2,31.26,31.26,31.23,31.25
202009240157,31.2,31.2,31.16,31.19,31.25,31.25,31.22,31.24
202009240158,31.19,31.22,31.19,31.2,31.24,31.29,31.24,31.25
202009240159,31.21,31.21,31.17,31.19,31.26,31.26,31.23,31.24
202009240200,31.19,31.21,31.16,31.2,31.24,31.26,31.23,31.25
202009240201,31.2,31.26,31.2,31.26,31.25,31.32,31.25,31.31
202009240202,31.26,31.26,31.21,31.22,31.31,31.31,31.28,31.28
202009240203,31.22,31.25,31.2,31.25,31.28,31.3,31.25,31.3
202009240204,31.26,31.29,31.25,31.29,31.31,31.36,31.3,31.34
202009240205,31.29,31.31,31.25,31.25,31.34,31.36,31.3,31.3
202009240206,31.24,31.24,31.2,31.21,31.29,31.3,31.26,31.27
202009240207,31.21,31.24,31.21,31.24,31.27,31.29,31.26,31.29
202009240208,31.24,31.26,31.23,31.23,31.29,31.32,31.29,31.29
202009240209,31.22,31.24,31.2,31.21,31.28,31.3,31.27,31.27
202009240210,31.21,31.21,31.2,31.21,31.27,31.27,31.25,31.27
202009240211,31.21,31.25,31.2,31.21,31.27,31.31,31.26,31.27
202009240212,31.21,31.21,31.16,31.16,31.27,31.27,31.22,31.22
202009240213,31.16,31.19,31.16,31.19,31.22,31.24,31.21,31.24
202009240214,31.19,31.21,31.16,31.21,31.24,31.27,31.23,31.26
202009240215,31.2,31.22,31.16,31.18,31.25,31.28,31.21,31.23
202009240216,31.18,31.2,31.18,31.19,31.23,31.25,31.23,31.24
202009240217,31.19,31.19,31.15,31.16,31.24,31.25,31.21,31.22
202009240218,31.16,31.16,31.14,31.16,31.22,31.22,31.19,31.22
202009240219,31.16,31.16,31.15,31.16,31.22,31.22,31.2,31.21
202009240220,31.16,31.17,31.14,31.14,31.21,31.25,31.19,31.19
202009240221,31.15,31.16,31.14,31.15,31.2,31.21,31.19,31.2
202009240222,31.15,31.16,31.15,31.15,31.2,31.21,31.2,31.2
202009240223,31.15,31.16,31.15,31.15,31.2,31.21,31.2,31.2
202009240224,31.16,31.16,31.14,31.14,31.21,31.21,31.19,31.19
202009240225,31.14,31.15,31.14,31.15,31.19,31.2,31.19,31.2
202009240226,31.15,31.17,31.15,31.15,31.2,31.25,31.2,31.25
202009240227,31.15,31.21,31.15,31.2,31.25,31.26,31.22,31.25
202009240228,31.2,31.29,31.2,31.29,31.25,31.34,31.25,31.34
202009240229,31.3,31.32,31.3,31.31,31.35,31.39,31.35,31.36
202009240230,31.31,31.32,31.31,31.31,31.36,31.37,31.36,31.36
202009240231,31.31,31.36,31.31,31.36,31.36,31.41,31.36,31.41
202009240232,31.36,31.36,31.35,31.35,31.41,31.41,31.4,31.4
202009240233,31.35,31.35,31.3,31.3,31.4,31.4,31.35,31.35
202009240234,31.3,31.3,31.3,31.3,31.35,31.35,31.35,31.35
202009240235,31.3,31.36,31.3,31.36,31.35,31.41,31.35,31.41
202009240236,31.36,31.36,31.33,31.36,31.41,31.41,31.39,31.41
202009240237,31.36,31.39,31.31,31.31,31.41,31.44,31.36,31.36
202009240238,31.31,31.32,31.3,31.31,31.36,31.4,31.36,31.36
202009240239,31.31,31.4,31.31,31.4,31.36,31.45,31.36,31.45
202009240240,31.41,31.46,31.4,31.45,31.46,31.51,31.46,31.5
202009240241,31.45,31.5,31.4,31.46,31.5,31.55,31.48,31.51
202009240242,31.46,31.46,31.4,31.41,31.51,31.51,31.46,31.46
202009240243,31.41,31.41,31.35,31.41,31.46,31.46,31.41,31.46
202009240244,31.41,31.46,31.41,31.46,31.46,31.51,31.46,31.51
202009240245,31.46,31.47,31.45,31.47,31.51,31.55,31.5,31.52
202009240246,31.46,31.47,31.41,31.42,31.51,31.56,31.48,31.48
202009240247,31.44,31.44,31.35,31.35,31.49,31.49,31.43,31.45
202009240248,31.35,31.38,31.31,31.31,31.45,31.45,31.36,31.36
202009240249,31.31,31.31,31.31,31.31,31.36,31.37,31.36,31.36
202009240250,31.31,31.31,31.3,31.31,31.36,31.36,31.35,31.36
202009240251,31.31,31.35,31.31,31.35,31.36,31.4,31.36,31.4
202009240252,31.35,31.4,31.35,31.39,31.4,31.45,31.4,31.44
202009240253,31.4,31.51,31.4,31.49,31.45,31.57,31.45,31.54
202009240254,31.49,31.49,31.4,31.41,31.54,31.54,31.46,31.47
202009240255,31.41,31.47,31.4,31.46,31.47,31.53,31.47,31.51
202009240256,31.46,31.47,31.4,31.4,31.51,31.53,31.46,31.5
202009240257,31.4,31.43,31.4,31.41,31.5,31.5,31.46,31.46
202009240258,31.39,31.39,31.36,31.36,31.44,31.46,31.41,31.42
202009240259,31.36,31.42,31.36,31.39,31.42,31.49,31.42,31.44
202009240300,31.39,31.48,31.39,31.46,31.44,31.56,31.44,31.53
202009240301,31.46,31.49,31.46,31.49,31.53,31.56,31.52,31.54
202009240302,31.49,31.55,31.45,31.55,31.54,31.6,31.53,31.6
202009240303,31.56,31.56,31.53,31.54,31.61,31.65,31.59,31.59
202009240304,31.54,31.54,31.46,31.49,31.59,31.6,31.53,31.54
202009240305,31.5,31.5,31.45,31.46,31.55,31.56,31.53,31.56
202009240306,31.46,31.49,31.44,31.47,31.56,31.56,31.49,31.52
202009240307,31.46,31.49,31.45,31.45,31.51,31.56,31.5,31.55
202009240308,31.46,31.51,31.45,31.51,31.56,31.57,31.53,31.57
202009240309,31.51,31.51,31.5,31.51,31.57,31.57,31.55,31.56
202009240310,31.51,31.56,31.5,31.56,31.56,31.61,31.55,31.61
202009240311,31.56,31.6,31.55,31.59,31.61,31.65,31.61,31.64
202009240312,31.59,31.6,31.5,31.51,31.64,31.65,31.56,31.58
202009240313,31.51,31.54,31.5,31.54,31.58,31.6,31.55,31.59
202009240314,31.56,31.56,31.51,31.51,31.61,31.61,31.56,31.56
202009240315,31.5,31.65,31.5,31.63,31.55,31.7,31.55,31.69
202009240316,31.63,31.77,31.63,31.77,31.69,31.85,31.69,31.82
202009240317,31.77,31.92,31.75,31.91,31.82,32,31.82,31.97
202009240318,31.91,31.92,31.86,31.91,31.97,31.99,31.91,31.96
202009240319,31.91,32.04,31.91,32.04,31.96,32.09,31.96,32.09
202009240320,32.05,32.05,31.96,32.02,32.1,32.1,32.01,32.09
202009240321,32.02,32.07,31.94,31.94,32.09,32.15,31.99,31.99
202009240322,31.95,32.14,31.95,32.12,32,32.2,32,32.19
202009240323,32.12,32.13,32.05,32.09,32.19,32.19,32.11,32.14
202009240324,32.1,32.14,32.06,32.14,32.15,32.19,32.11,32.19
202009240325,32.15,32.17,32,32.01,32.2,32.25,32.06,32.06
202009240326,31.99,32.09,31.99,32.04,32.04,32.15,32.04,32.09
202009240327,32.04,32.18,32.04,32.17,32.09,32.23,32.09,32.23
202009240328,32.17,32.19,31.95,32.06,32.23,32.25,32.01,32.11
202009240329,32.04,32.21,32.04,32.21,32.09,32.28,32.09,32.27
202009240330,32.21,32.24,32.11,32.24,32.27,32.29,32.18,32.29
202009240331,32.24,32.32,32.24,32.29,32.29,32.39,32.29,32.34
202009240332,32.31,32.39,32.3,32.37,32.36,32.45,32.35,32.44
202009240333,32.37,32.37,32.11,32.16,32.44,32.44,32.18,32.23
202009240334,32.16,32.22,32.16,32.21,32.23,32.3,32.23,32.26
202009240335,32.18,32.39,32.14,32.39,32.24,32.44,32.19,32.44
202009240336,32.39,32.44,32.34,32.4,32.44,32.5,32.4,32.5
202009240337,32.4,32.46,32.35,32.36,32.5,32.52,32.4,32.41
202009240338,32.35,32.36,32.25,32.29,32.4,32.42,32.3,32.34
202009240339,32.29,32.29,32.21,32.26,32.34,32.35,32.27,32.31
202009240340,32.26,32.48,32.26,32.47,32.31,32.54,32.31,32.54
202009240341,32.47,32.49,32.38,32.38,32.54,32.55,32.44,32.44
202009240342,32.38,32.47,32.31,32.43,32.44,32.53,32.36,32.49
202009240343,32.43,32.47,32.4,32.44,32.49,32.55,32.48,32.49
202009240344,32.44,32.49,32.44,32.45,32.49,32.55,32.49,32.55
202009240345,32.45,32.52,32.43,32.5,32.55,32.58,32.49,32.55
202009240346,32.5,32.54,32.45,32.53,32.55,32.6,32.51,32.59
202009240347,32.53,32.56,32.49,32.56,32.59,32.61,32.58,32.61
202009240348,32.56,32.57,32.54,32.57,32.61,32.63,32.59,32.63
202009240349,32.57,32.57,32.52,32.55,32.63,32.63,32.58,32.6
202009240350,32.55,32.55,32.45,32.45,32.6,32.6,32.5,32.5
202009240351,32.45,32.45,32.27,32.35,32.5,32.5,32.34,32.45
202009240352,32.35,32.45,32.35,32.45,32.45,32.5,32.43,32.5
202009240353,32.45,32.45,32.4,32.41,32.5,32.5,32.45,32.46
202009240354,32.4,32.52,32.4,32.51,32.45,32.58,32.45,32.56
202009240355,32.51,32.57,32.45,32.56,32.56,32.64,32.51,32.61
202009240356,32.54,32.61,32.52,32.61,32.59,32.67,32.58,32.67
202009240357,32.61,32.67,32.58,32.67,32.67,32.73,32.63,32.73
202009240358,32.67,32.67,32.59,32.61,32.73,32.73,32.64,32.67
202009240359,32.61,32.66,32.6,32.63,32.67,32.72,32.65,32.69
202009240400,32.63,32.66,32.59,32.59,32.69,32.72,32.64,32.64
202009240401,32.61,32.64,32.52,32.54,32.66,32.7,32.58,32.59
202009240402,32.54,32.73,32.54,32.73,32.59,32.79,32.59,32.79
202009240403,32.73,32.81,32.71,32.81,32.79,32.87,32.77,32.86
202009240404,32.81,32.82,32.8,32.82,32.86,32.9,32.86,32.88
202009240405,32.82,32.82,32.76,32.81,32.88,32.9,32.82,32.87
202009240406,32.81,32.92,32.81,32.92,32.87,32.99,32.87,32.99
202009240407,32.92,32.94,32.87,32.87,32.99,32.99,32.93,32.93
202009240408,32.87,32.88,32.71,32.72,32.93,32.94,32.76,32.79
202009240409,32.72,32.79,32.7,32.72,32.79,32.85,32.76,32.78
202009240410,32.72,32.72,32.61,32.61,32.78,32.79,32.66,32.66
202009240411,32.61,32.61,32.42,32.42,32.66,32.66,32.49,32.49
202009240412,32.42,32.45,32.33,32.33,32.49,32.5,32.39,32.39
202009240413,32.33,32.43,32.31,32.42,32.39,32.5,32.36,32.49
202009240414,32.42,32.44,32.35,32.44,32.49,32.49,32.4,32.49
202009240415,32.44,32.69,32.44,32.69,32.49,32.74,32.49,32.74
202009240416,32.69,32.77,32.56,32.59,32.74,32.85,32.61,32.64
202009240417,32.6,32.69,32.44,32.46,32.65,32.74,32.49,32.53
202009240418,32.46,32.58,32.45,32.56,32.53,32.65,32.5,32.61
202009240419,32.55,32.57,32.37,32.47,32.6,32.65,32.43,32.54
202009240420,32.47,32.66,32.47,32.61,32.54,32.72,32.53,32.68
202009240421,32.61,32.65,32.45,32.58,32.68,32.7,32.5,32.64
202009240422,32.58,32.65,32.55,32.59,32.64,32.7,32.6,32.64
202009240423,32.6,32.64,32.48,32.54,32.65,32.69,32.54,32.59
202009240424,32.54,32.75,32.53,32.74,32.59,32.8,32.59,32.79
202009240425,32.74,32.81,32.67,32.78,32.79,32.86,32.73,32.84
202009240426,32.78,32.83,32.66,32.79,32.84,32.89,32.72,32.89
202009240427,32.79,32.83,32.75,32.77,32.89,32.89,32.8,32.84
202009240428,32.76,32.76,32.66,32.73,32.83,32.83,32.71,32.79
202009240429,32.73,32.73,32.47,32.49,32.79,32.79,32.53,32.54
202009240430,32.49,32.61,32.45,32.61,32.54,32.67,32.52,32.67
202009240431,32.64,32.67,32.5,32.52,32.69,32.73,32.55,32.59
202009240432,32.52,32.57,32.46,32.46,32.59,32.64,32.52,32.52
202009240433,32.46,32.61,32.46,32.51,32.52,32.67,32.51,32.58
202009240434,32.51,32.59,32.46,32.5,32.58,32.65,32.53,32.55
202009240435,32.51,32.63,32.51,32.63,32.56,32.7,32.56,32.69
202009240436,32.63,32.63,32.52,32.59,32.69,32.7,32.59,32.64
202009240437,32.59,32.63,32.55,32.57,32.64,32.7,32.61,32.64
202009240438,32.57,32.61,32.55,32.59,32.64,32.67,32.6,32.64
202009240439,32.59,32.64,32.54,32.54,32.64,32.69,32.59,32.59
202009240440,32.55,32.55,32.45,32.51,32.6,32.6,32.5,32.57
202009240441,32.51,32.61,32.5,32.5,32.57,32.67,32.55,32.55
202009240442,32.5,32.56,32.5,32.54,32.55,32.65,32.55,32.59
202009240443,32.55,32.58,32.53,32.57,32.6,32.65,32.59,32.63
202009240444,32.57,32.58,32.49,32.49,32.63,32.65,32.54,32.54
202009240445,32.49,32.56,32.42,32.55,32.54,32.62,32.49,32.6
202009240446,32.55,32.62,32.5,32.6,32.6,32.69,32.55,32.65
202009240447,32.6,32.66,32.6,32.66,32.65,32.71,32.65,32.71
202009240448,32.65,32.67,32.6,32.65,32.7,32.75,32.68,32.75
202009240449,32.68,32.7,32.65,32.66,32.74,32.75,32.7,32.71
202009240450,32.66,32.74,32.65,32.72,32.71,32.79,32.7,32.79
202009240451,32.72,32.79,32.69,32.79,32.79,32.84,32.76,32.84
202009240452,32.79,32.84,32.76,32.84,32.84,32.89,32.82,32.89
202009240453,32.84,32.86,32.8,32.85,32.89,32.91,32.86,32.9
202009240454,32.86,32.9,32.85,32.85,32.91,32.95,32.9,32.9
202009240455,32.85,32.85,32.81,32.81,32.9,32.9,32.86,32.86
202009240456,32.81,32.84,32.8,32.84,32.86,32.89,32.85,32.89
202009240457,32.84,33.01,32.84,32.91,32.89,33.06,32.89,32.96
202009240458,32.9,32.99,32.86,32.96,32.95,33.04,32.91,33.01
202009240459,32.95,32.99,32.91,32.99,33,33.04,32.96,33.04
202009240500,32.99,32.99,32.91,32.91,33.04,33.05,32.96,32.96
202009240501,32.91,32.91,32.85,32.86,32.96,32.96,32.9,32.91
202009240502,32.86,32.94,32.86,32.94,32.91,33,32.91,32.99
202009240503,32.94,32.94,32.86,32.91,32.99,32.99,32.92,32.97
202009240504,32.91,32.92,32.86,32.87,32.97,32.98,32.92,32.93
202009240505,32.87,32.89,32.86,32.87,32.93,32.94,32.91,32.93
202009240506,32.87,32.89,32.86,32.89,32.93,32.94,32.92,32.94
202009240507,32.9,32.94,32.9,32.91,32.95,32.99,32.95,32.96
202009240508,32.91,32.91,32.86,32.86,32.96,32.96,32.91,32.91
202009240509,32.86,32.87,32.86,32.86,32.91,32.93,32.91,32.91
202009240510,32.86,32.91,32.86,32.89,32.91,32.97,32.91,32.94
202009240511,32.89,32.89,32.86,32.86,32.94,32.94,32.92,32.93
202009240512,32.86,32.89,32.81,32.81,32.93,32.98,32.86,32.86
202009240513,32.81,32.81,32.6,32.6,32.86,32.87,32.65,32.65
202009240514,32.6,32.6,32.34,32.45,32.65,32.65,32.41,32.5
