日時,始値(BID),高値(BID),安値(BID),終値(BID),始値(ASK),高値(ASK),安値(ASK),終値(ASK)
202108231500,15897.4,15924.3,15897.4,15919.9,15900.1,15926.3,15900.1,15921.7
202108231501,15919.9,15921.3,15910.8,15911.7,15921.7,15923,15912.5,15914.4
202108231502,15911.7,15912.9,15909.3,15909.9,15914.4,15914.8,15911.3,15911.6
202108231503,15909.9,15911.6,15903.7,15904.2,15911.6,15913.8,15905.3,15906.9
202108231504,15904.2,15904.3,15902.5,15902.8,15906.9,15906.9,15904.6,15905.3
202108231505,15902.8,15915,15902.8,15912.4,15905.3,15916.8,15905.3,15914.1
202108231506,15912.4,15913.3,15908.9,15913.1,15914.1,15915.8,15910.7,15915.1
202108231507,15913.1,15917.5,15913.1,15917.5,15915.1,15919.2,15915.1,15919.2
202108231508,15917.5,15918.8,15913.8,15914.1,15919.2,15920.6,15916.3,15916.8
202108231509,15914.1,15914.5,15911.6,15913.4,15916.8,15916.8,15913.3,15916
202108231510,15913.4,15922.1,15913.4,15916.1,15916,15924.1,15916,15918.7
202108231511,15916,15917.2,15914.5,15916.9,15917.8,15919,15916.2,15918.6
202108231512,15916.9,15920.9,15915.6,15919.3,15918.6,15923.4,15917.2,15921.1
202108231513,15919.3,15920,15915.7,15915.8,15921.1,15921.9,15917.8,15918.4
202108231514,15915.7,15916.9,15914.4,15914.6,15918.3,15919.3,15916.1,15916.2
202108231515,15914.6,15915.8,15910.9,15911.3,15916.2,15917.8,15912.8,15912.8
202108231516,15911.3,15912,15907.8,15910.5,15912.8,15914.1,15909.4,15912.2
202108231517,15910.4,15911.9,15909.5,15910.6,15912.1,15913.9,15911.2,15912.7
202108231518,15910.7,15913.4,15910.3,15911,15912.8,15915.1,15912.2,15912.8
202108231519,15911,15912.9,15910.5,15911.9,15912.8,15914.9,15912.8,15913.7
202108231520,15911.9,15916.5,15911.4,15916.2,15913.7,15918.1,15913.1,15917.7
202108231521,15916.3,15918.9,15912.8,15915.1,15917.8,15921.4,15915.3,15917.1
202108231522,15915.2,15915.2,15913.4,15914.1,15917.2,15917.2,15915.1,15916.6
202108231523,15914.1,15918.5,15914,15917.6,15916.6,15920.2,15916.5,15919.2
202108231524,15917.6,15917.6,15915.8,15916.4,15919.2,15919.6,15917.3,15918.1
202108231525,15916.5,15920.2,15915.6,15916.7,15918.2,15922,15917.2,15918.3
202108231526,15916.7,15918,15914.4,15916.9,15918.3,15920,15916.1,15919.4
202108231527,15917,15917,15910,15910,15919.5,15919.5,15911.8,15911.8
202108231528,15910,15912.4,15909.4,15909.8,15911.8,15914.6,15911.5,15911.8
202108231529,15909.8,15911,15908,15911,15911.8,15913.5,15909.8,15913.5
202108231530,15911,15914.2,15910.9,15913.9,15912.8,15916,15912.6,15915.9
202108231531,15914.1,15917.4,15913.6,15917.4,15916.1,15918.9,15915.2,15918.9
202108231532,15917.4,15917.4,15913.8,15914.3,15918.9,15919.3,15915.3,15915.8
202108231533,15914.2,15915.3,15913.9,15914.8,15915.7,15917.3,15915.7,15916.5
202108231534,15914.8,15917.2,15913.9,15916.8,15916.5,15919.3,15915,15918.3
202108231535,15916.8,15917.3,15912.5,15913.5,15918.3,15919.3,15914.2,15915.1
202108231536,15913.5,15914.1,15910.4,15910.8,15915.1,15915.3,15912.1,15913.3
202108231537,15910.9,15912.3,15905.8,15908,15913.4,15914,15908.5,15909.8
202108231538,15908,15913,15907.9,15913,15909.8,15914.7,15909.5,15914.7
202108231539,15913,15913.6,15910.9,15913.6,15914.7,15915.3,15912.7,15915.3
202108231540,15913.6,15916,15913.2,15915,15915.3,15917.9,15915,15916.8
202108231541,15915,15918.9,15914.6,15916.6,15916.8,15920.5,15916.2,15918.2
202108231542,15916.6,15916.6,15909.8,15911.9,15918.2,15918.2,15911.8,15913.9
202108231543,15911.9,15913.2,15909,15913,15913.9,15915,15910.8,15914.7
202108231544,15913,15913.2,15910.5,15910.6,15914.7,15915.6,15912.2,15912.3
202108231545,15910.5,15913.8,15908.2,15913.8,15912.2,15915.4,15910.1,15915.4
202108231546,15913.8,15916.3,15911.5,15913.5,15915.4,15917.8,15914,15916
202108231547,15913.5,15918.8,15912.6,15918.5,15916,15920.5,15914.2,15920.2
202108231548,15918.5,15918.5,15912,15913.8,15920.2,15920.2,15913.7,15915.8
202108231549,15913.8,15915,15911,15911.1,15915.8,15916.8,15912.8,15913.6
202108231550,15911.1,15913.7,15911.1,15912,15913.6,15915.3,15913.3,15913.8
202108231551,15912,15912.2,15909.2,15909.2,15913.8,15914,15911,15911
202108231552,15909.2,15912.3,15906.9,15910.3,15911,15913.8,15908.6,15911.8
202108231553,15910.3,15914.8,15907.6,15907.9,15911.8,15916.5,15909.3,15909.6
202108231554,15907.9,15910.1,15906,15909,15909.6,15912,15907.8,15910.8
202108231555,15909,15913.9,15908.8,15913.8,15910.8,15915.6,15910.4,15915.5
202108231556,15913.9,15918.8,15913.9,15918.8,15915.6,15920.4,15915.5,15920.4
202108231557,15918.9,15921.4,15915.5,15921.2,15920.6,15923.1,15917.2,15922.7
202108231558,15921.2,15921.2,15918.2,15918.7,15922.7,15923,15920,15920.8
202108231559,15918.7,15932.7,15918.7,15926.9,15920.8,15935,15920.8,15928.7
202108231600,15928,15932.1,15921.1,15922.2,15929.8,15934.8,15923,15924
202108231601,15922.2,15923.3,15911.2,15915.9,15924,15925,15913.2,15917.7
202108231602,15915.9,15924.3,15913.3,15917.4,15917.7,15926.1,15915.1,15919.1
202108231603,15917.4,15918.2,15900,15906.9,15919.1,15920,15901.7,15909.4
202108231604,15906.9,15918,15905,15905.1,15909.4,15919.8,15906.6,15906.6
202108231605,15905.1,15905.3,15889.2,15889.3,15906.6,15907,15890.8,15890.8
202108231606,15889.9,15890.2,15871.8,15881,15891.6,15892,15873.4,15882.8
202108231607,15881,15905.7,15881,15904.7,15882.8,15907.2,15882.8,15906.3
202108231608,15904.7,15905.1,15890.2,15890.4,15906.3,15906.7,15892,15892.1
202108231609,15890.4,15902.4,15884.9,15899.1,15892.1,15904.1,15886.6,15901.1
202108231610,15899.1,15899.9,15886.9,15893.9,15901.1,15901.7,15888.6,15895.9
202108231611,15893.9,15900,15891.5,15896.9,15895.9,15901.8,15893.8,15899.5
202108231612,15897.8,15899.9,15891.8,15894.8,15899.5,15901.9,15893.8,15897.3
202108231613,15894.8,15898.9,15891.9,15893.9,15897.3,15900.7,15893.6,15896.6
202108231614,15893.9,15899.3,15893.1,15897.7,15896.6,15901.2,15895.8,15899.4
202108231615,15897.8,15902.4,15890.7,15890.7,15899.5,15904.6,15892.4,15892.4
202108231616,15890.7,15898.6,15889.9,15891.3,15892.4,15900.3,15891.7,15893.1
202108231617,15891.3,15897.2,15891,15892.4,15893.1,15899,15892.8,15894.1
202108231618,15892.4,15892.4,15887.2,15890.4,15894.1,15894.1,15889,15891.9
202108231619,15890.3,15891.5,15886,15889,15891.8,15893.2,15887.7,15891.5
202108231620,15889,15898.2,15887.8,15897.3,15891.5,15900,15889.4,15898.8
202108231621,15897.8,15900.2,15895.8,15899.2,15899.4,15902,15897.5,15901
202108231622,15899.2,15912.4,15899.2,15907,15901,15914.1,15901,15908.7
202108231623,15907,15907,15896,15900.6,15908.7,15908.7,15897,15902.7
202108231624,15900.6,15905.1,15896,15897.2,15902.7,15906.6,15897.8,15899.2
202108231625,15897.2,15897.2,15878,15879,15899.2,15899.2,15879.8,15880.8
202108231626,15879,15879,15862.8,15865.8,15880.8,15881,15864.5,15867.8
202108231627,15865.8,15868,15860.8,15863.8,15867.8,15869.8,15862.5,15865.5
202108231628,15863.8,15863.9,15858.5,15860.2,15865.5,15865.9,15860.6,15862
202108231629,15860.2,15870.7,15858.8,15870.4,15862,15873.6,15860.6,15872.2
202108231630,15870.4,15870.4,15840,15849.5,15872.2,15872.2,15842.6,15852.1
202108231631,15849.5,15849.7,15837.5,15841.2,15852.1,15852.1,15839.7,15843
202108231632,15841.2,15841.2,15832.4,15838.2,15843,15843,15834.1,15840
202108231633,15838.4,15838.4,15833.9,15835,15840.1,15840.6,15835.5,15836.7
202108231634,15834.4,15836,15826.2,15827.8,15836.1,15837.8,15828.5,15829.5
202108231635,15827.8,15828.2,15819,15824.2,15829.5,15830,15820.7,15825.7
202108231636,15823.2,15835.2,15823.2,15829.2,15825,15837,15825,15831.3
202108231637,15829.2,15829.2,15818.9,15820.3,15831.3,15831.3,15820.7,15821.8
202108231638,15820.3,15824.3,15815,15823.2,15821.8,15826,15816.8,15824.7
202108231639,15823.3,15826.4,15820.9,15825.2,15824.8,15828.2,15822.6,15826.7
202108231640,15825.2,15825.2,15809,15810,15826.7,15826.7,15810.8,15811.8
202108231641,15810,15816.4,15805.2,15815.2,15811.8,15818.1,15806.8,15817.8
202108231642,15815.2,15816.2,15811.1,15816.2,15817.8,15818,15812.9,15818
202108231643,15816.2,15817.4,15813.6,15816,15818,15819.8,15815.2,15817.7
202108231644,15816,15822,15813.8,15822,15817.7,15823.7,15815.3,15823.7
202108231645,15822.8,15824.2,15816.8,15823.2,15824.4,15826,15818.3,15825
202108231646,15823.2,15823.8,15816.9,15820.9,15825,15825.5,15818.6,15822.6
202108231647,15820.9,15823.2,15817.8,15817.9,15822.6,15825,15819.5,15819.6
202108231648,15817.9,15820.9,15814.5,15820.2,15819.6,15822.9,15816,15822
202108231649,15820.2,15820.3,15815.1,15816,15822,15822,15816.9,15818.5
202108231650,15816,15816.3,15811,15813.2,15818.5,15818.5,15812.7,15815
202108231651,15813.2,15814.5,15811.6,15813.7,15815,15816.5,15813,15815.3
202108231652,15813.3,15817.2,15812,15816.4,15815,15819,15813.7,15817.9
202108231653,15816.4,15816.6,15808,15808.8,15817.9,15818.2,15809.7,15810.3
202108231654,15808.7,15808.7,15798.8,15804,15810.2,15810.2,15800.4,15805.7
202108231655,15804,15808.2,15804,15808,15805.7,15810,15805.7,15809.5
202108231656,15808,15817.2,15808,15815.9,15809.5,15819,15809.5,15817.5
202108231657,15815.9,15820.9,15815.9,15818.6,15817.5,15822.6,15817.5,15820.2
202108231658,15818.5,15822.4,15817.9,15819.2,15820.1,15824.1,15819.5,15821
202108231659,15819.2,15828,15819,15826.8,15821,15830.5,15820.8,15828.4
202108231700,15826.7,15836.1,15822,15835.2,15828.3,15837.5,15823.8,15837
202108231701,15835.2,15836.9,15832.2,15836.2,15837,15838.5,15834,15838
202108231702,15836.2,15843.8,15830.3,15832.2,15838,15845,15832,15834
202108231703,15832.2,15832.2,15825.9,15826.2,15834,15834,15827.5,15828
202108231704,15826.6,15831,15826,15828.4,15828.7,15832.8,15827.6,15830.1
202108231705,15828.4,15828.4,15814,15815.9,15830.1,15830.1,15815.8,15817.6
202108231706,15815.9,15819.2,15813.8,15818,15817.6,15821,15815.4,15819.8
202108231707,15818,15826.3,15818,15826.3,15819.8,15828.6,15819.8,15827.8
202108231708,15826.3,15826.3,15807.3,15808.2,15827.8,15827.8,15809,15810.2
202108231709,15808.2,15810.4,15803,15809.2,15810.2,15812.1,15804.7,15811
202108231710,15809.2,15818,15807.2,15808.2,15811,15819.8,15809,15810
202108231711,15808.2,15810.3,15805.5,15807.3,15810,15812,15807.2,15808.8
202108231712,15807.3,15816.4,15807.3,15814.9,15808.8,15818.3,15808.8,15816.7
202108231713,15814.9,15814.9,15805.8,15809.2,15816.7,15816.7,15807.4,15810.7
202108231714,15809.2,15809.2,15803,15807.8,15810.7,15811,15804.7,15809.5
202108231715,15807.9,15808.3,15799.5,15799.5,15809.6,15810.1,15801.1,15801.1
202108231716,15799.5,15806.7,15793.9,15806.1,15801.1,15808.3,15795.5,15807.6
202108231717,15806.1,15811,15805,15809.9,15807.6,15812.8,15806.8,15811.5
202108231718,15809.9,15814.3,15809,15813.2,15811.5,15816,15810.7,15814.7
202108231719,15812.1,15814.9,15811.7,15813.6,15813.6,15816.5,15813.3,15815.2
202108231720,15813.6,15815.2,15810.8,15813,15815.2,15817,15812.3,15814.7
202108231721,15813,15823.4,15811.3,15822.9,15814.7,15825.1,15813,15824.5
202108231722,15822.9,15825.6,15822.8,15824.9,15824.5,15827.2,15824.4,15826.9
202108231723,15824.9,15824.9,15815,15817.2,15826.9,15826.9,15816.8,15819
202108231724,15817.2,15817.4,15812.9,15816.5,15819,15819.3,15814.6,15818.1
202108231725,15816.5,15817.3,15808.7,15809.1,15818.1,15819,15810.3,15810.6
202108231726,15809.3,15811.8,15802,15802.4,15810.8,15813.3,15803.6,15803.9
202108231727,15802.4,15807,15801.9,15803.2,15803.9,15808.9,15803.6,15804.7
202108231728,15803.2,15804.2,15800.2,15800.8,15804.7,15805.8,15801.8,15802.4
202108231729,15800.8,15802.9,15796.3,15802.9,15802.4,15804.7,15798.1,15804.7
202108231730,15802.9,15808.4,15798.4,15807.8,15804.7,15810.1,15799.9,15809.4
202108231731,15807.8,15811.5,15807.6,15810.8,15809.4,15813.1,15809.2,15812.5
202108231732,15810.8,15813.4,15807.3,15811.4,15812.5,15814.9,15808.8,15813.1
202108231733,15811.4,15814.9,15808.8,15814.9,15813.1,15816.6,15810.6,15816.6
202108231734,15814.9,15817.6,15814.8,15816.8,15816.6,15819.2,15816.4,15818.4
202108231735,15816.8,15817,15804.5,15806,15818.4,15818.7,15806.1,15807.8
202108231736,15806,15806.5,15802,15806,15807.8,15808.1,15803.7,15807.8
202108231737,15806,15809.2,15802,15808.3,15807.8,15811,15803.8,15810.4
202108231738,15808.3,15809.9,15804,15809.9,15810.4,15811.5,15805.8,15811.5
202108231739,15809.8,15815,15809.2,15809.2,15811.4,15816.7,15810.8,15811.3
202108231740,15809.2,15811,15804,15806,15811.3,15812.7,15805.8,15807.7
202108231741,15806,15807.3,15801.8,15802.8,15807.7,15808.8,15803.4,15804.4
202108231742,15802.7,15812.3,15802.7,15811.9,15804.3,15814,15804.3,15813.6
202108231743,15811.4,15814.8,15810,15814.8,15813.1,15816.4,15811.7,15816.4
202108231744,15814.8,15818.2,15811.8,15817.9,15816.4,15820,15813.4,15819.5
202108231745,15817.9,15823.2,15817.6,15823,15819.5,15825,15819.2,15824.7
202108231746,15823,15825.4,15821.9,15825.4,15824.7,15827.1,15823.6,15826.9
202108231747,15825.4,15828.8,15824,15826.3,15826.9,15830.6,15825.8,15828.4
202108231748,15826.3,15829.4,15824.2,15826.3,15828.4,15831,15826,15828
202108231749,15826.3,15828.6,15823.2,15828.4,15828,15830.1,15824.8,15829.9
202108231750,15828.4,15828.4,15821.9,15825,15829.9,15830,15823.4,15826.8
202108231751,15825,15832.3,15825,15831.2,15826.8,15834,15826.7,15833
202108231752,15831.2,15831.5,15826.8,15826.8,15833,15833.1,15828.3,15828.3
202108231753,15826.8,15829,15824,15825.4,15828.3,15830.2,15825.8,15827.1
202108231754,15825.4,15828,15822.7,15827.6,15827.1,15829.7,15824.2,15829.2
202108231755,15827.6,15829.8,15824.9,15825.1,15829.2,15831.4,15826.1,15826.1
202108231756,15824.2,15826,15822,15823.3,15826,15827.8,15823.8,15824.8
202108231757,15823.5,15823.5,15814.4,15815.3,15825,15825,15815.9,15816.8
202108231758,15815.3,15815.3,15808,15815.2,15816.8,15817,15809.7,15817
202108231759,15815.8,15821.2,15814.2,15821,15817.3,15823,15816,15822.8
202108231800,15821,15823.2,15812,15812.2,15822.8,15825,15813.8,15814
202108231801,15812.2,15815,15811.7,15813.9,15814,15816.8,15813.3,15815.6
202108231802,15813.9,15814.2,15809.1,15809.4,15815.6,15815.7,15810.6,15811
202108231803,15809.4,15816.4,15808.5,15814,15811,15818.1,15810.1,15815.8
202108231804,15814,15821.2,15814,15817.2,15815.8,15823,15815.8,15819.8
202108231805,15817.9,15821.4,15816.2,15817,15819.6,15823.1,15817.9,15818.7
202108231806,15817,15824.8,15817,15821.8,15818.7,15826.3,15818.7,15823.4
202108231807,15821.8,15822,15814.2,15814.2,15823.4,15823.7,15815.8,15816.2
202108231808,15814.2,15814.5,15807.9,15807.9,15816.2,15816.2,15809.6,15809.6
202108231809,15807.9,15809.6,15805,15806,15809.6,15811.1,15806.8,15807.7
202108231810,15806,15808,15802.2,15806.8,15807.7,15809.7,15804,15808.4
202108231811,15806.8,15812,15806.8,15810.4,15808.4,15813.8,15808.4,15812.1
202108231812,15810.4,15812.1,15809.9,15811.1,15812.1,15813.9,15811.5,15812.1
202108231813,15811.1,15811.8,15803,15805.4,15812.1,15813.3,15804.8,15807.1
202108231814,15805.4,15806.7,15803.2,15803.7,15807.1,15808.3,15805,15805.8
202108231815,15803.7,15808,15803.7,15807.4,15805.8,15809.8,15805.8,15808.9
202108231816,15807.3,15811.4,15806.6,15810,15808.8,15813.1,15808.2,15811.7
202108231817,15810,15812.1,15809.5,15811.3,15811.7,15813.8,15811.1,15812.8
202108231818,15811.1,15812,15809.4,15810.9,15812.6,15813.6,15810.9,15812.5
202108231819,15810.5,15812,15809.2,15809.3,15812.1,15813.2,15811,15811
202108231820,15809.3,15821.3,15809.3,15821,15811,15823,15810.8,15822.8
202108231821,15821,15822.3,15818.2,15820.1,15822.8,15824,15819.7,15821.6
202108231822,15820.1,15821.1,15820,15821,15821.6,15822.9,15821.6,15822.5
202108231823,15821,15828.7,15820.5,15828.1,15822.5,15830.2,15822,15829.6
202108231824,15828,15828,15824,15828,15829.6,15829.8,15825.6,15829.7
202108231825,15828,15828.4,15822.5,15823.3,15829.7,15830,15824.1,15825
202108231826,15823.3,15823.7,15816.8,15818.4,15825,15825.2,15818.3,15819.9
202108231827,15818.4,15824,15817.6,15823.8,15819.9,15825.7,15819.2,15825.3
202108231828,15823.8,15825,15812.9,15812.9,15825.3,15826.6,15814.5,15814.5
202108231829,15812.9,15815.3,15808,15814.1,15814.5,15816.8,15809.7,15815.6
202108231830,15814.1,15816,15812.8,15814.9,15815.6,15817.7,15814.5,15816.6
202108231831,15814.9,15815.8,15810.6,15811.3,15816.6,15817.4,15812.2,15813
202108231832,15811.3,15816,15810.3,15810.4,15813,15817.8,15811.9,15811.9
202108231833,15810.4,15815,15808.5,15812.1,15811.9,15816.8,15810.1,15813.6
202108231834,15812.1,15814.2,15811.6,15813.4,15813.6,15816,15813.3,15814.9
202108231835,15813.4,15815.1,15810.8,15815.1,15814.9,15816.6,15812.3,15816.6
202108231836,15815.1,15818.2,15814,15816.4,15816.6,15820,15815.8,15818.1
202108231837,15816.4,15818.4,15815.7,15817,15818.1,15820,15817.3,15818.8
202108231838,15817,15818.2,15815.9,15817.2,15818.8,15820,15817.5,15819.3
202108231839,15817.2,15825.4,15817.2,15825.4,15819.3,15827.1,15819.3,15827.1
202108231840,15825.4,15828,15824.8,15826.2,15827.1,15829.8,15826,15828
202108231841,15826.2,15831,15824.6,15828.5,15828,15832.8,15826.2,15830.1
202108231842,15828.4,15831.5,15823,15823,15830.1,15833.2,15824.6,15824.6
202108231843,15823,15827.8,15823,15826.1,15824.6,15829.4,15824.6,15827.6
202108231844,15826.1,15826.3,15822.1,15823.4,15827.6,15828,15823.9,15825.1
202108231845,15823.5,15827.7,15822.7,15822.7,15825.2,15829.2,15824.3,15824.3
202108231846,15822.7,15828.1,15821.9,15826.9,15824.3,15829.6,15823.5,15828.5
202108231847,15826.8,15832,15826.3,15831.2,15828.4,15833.8,15827.8,15832.7
202108231848,15831.2,15836.5,15831.2,15833.4,15832.7,15838.1,15832.7,15834.9
202108231849,15833.3,15835.3,15830.2,15834.4,15834.8,15836.8,15831.7,15835.9
202108231850,15834.3,15837.9,15833.5,15836.1,15835.8,15839.5,15835.1,15837.6
202108231851,15836.2,15839,15836.2,15838.2,15837.7,15840.7,15837.7,15839.7
202108231852,15838.2,15841.5,15836.6,15840.2,15839.7,15843.1,15838.2,15841.7
202108231853,15840.2,15843,15840.2,15841,15841.7,15844.7,15841.7,15842.7
202108231854,15841,15842,15836.8,15837.3,15842.7,15843.7,15838.4,15838.8
202108231855,15837.3,15838.4,15834.1,15834.9,15838.8,15840.1,15835.9,15836.5
202108231856,15834.9,15836.2,15834.2,15834.9,15836.5,15838,15835.9,15836.6
202108231857,15834.9,15835.2,15832.7,15832.9,15836.6,15837,15834,15834.4
202108231858,15832.7,15833.2,15827,15827.3,15834.2,15835,15828.6,15828.8
202108231859,15827.3,15831.1,15827.3,15828.6,15828.8,15832.9,15828.8,15830.1
202108231900,15828.6,15832.2,15828.6,15832,15830.1,15833.9,15830.1,15833.7
202108231901,15832,15836,15831.6,15835.3,15833.7,15837.8,15833.2,15837
202108231902,15835.3,15845,15832.8,15835,15837,15846.8,15834.3,15836.7
202108231903,15835,15838.4,15834.2,15838,15836.7,15840.1,15836,15839.7
202108231904,15838,15839.3,15836.6,15839.1,15839.7,15841,15838.2,15840.6
202108231905,15839.1,15839.2,15834.2,15835.3,15840.6,15841,15835.8,15836.8
202108231906,15835.3,15838,15835.3,15836.8,15836.8,15839.8,15836.8,15838.4
202108231907,15836.8,15838.9,15836.2,15837.9,15838.4,15839.9,15838,15839.5
202108231908,15837.9,15838.1,15836.4,15837.3,15839.5,15839.8,15838.1,15839.4
202108231909,15837.3,15838.2,15836.2,15836.8,15839.4,15839.8,15838,15838.3
202108231910,15836.8,15839.3,15836.2,15837.9,15838.3,15841,15838,15839.4
202108231911,15837.9,15838.3,15836,15836,15839.4,15839.8,15837.5,15837.5
202108231912,15836,15836.6,15833,15834,15837.5,15838.1,15834.8,15835.8
202108231913,15833.6,15833.9,15827,15831.4,15835.2,15835.6,15828.6,15833
202108231914,15831.4,15834.1,15831,15831.3,15833,15835.8,15832.6,15833
202108231915,15831.3,15833.7,15826.2,15827.6,15833,15835.3,15828,15829.2
202108231916,15827.6,15832.1,15827.6,15831.7,15829.2,15833.9,15829.2,15833.2
202108231917,15831.8,15832.3,15831,15831.3,15833.3,15834,15832.7,15832.8
202108231918,15831.3,15831.3,15827.1,15830.3,15832.8,15833,15828.9,15831.8
202108231919,15830.3,15830.5,15825,15827.5,15831.8,15832.1,15826.8,15829.2
202108231920,15827.5,15830.4,15827.2,15828.8,15829.2,15832,15829,15830.4
202108231921,15828.8,15829.1,15825.8,15827.4,15830.4,15830.8,15827.3,15828.9
202108231922,15827.3,15828.1,15823.1,15824,15828.8,15829.6,15824.9,15825.7
202108231923,15824,15826.6,15823.8,15825,15825.7,15828.1,15825.3,15826.8
202108231924,15825,15828.1,15825,15828,15826.8,15829.9,15826.8,15829.6
202108231925,15828,15834,15828,15833.6,15829.6,15835.7,15829.6,15835.2
202108231926,15833.7,15837,15833.6,15834.2,15835.3,15838.8,15835.2,15835.7
202108231927,15834.2,15835.7,15831,15833.3,15835.7,15837.2,15832.8,15834.8
202108231928,15833.2,15835.2,15832.2,15835.2,15834.7,15836.7,15834,15836.7
202108231929,15835.1,15836,15833.2,15833.4,15836.6,15837.4,15834.8,15834.9
202108231930,15833.4,15836.1,15833,15834.1,15834.9,15837.8,15834.8,15835.6
202108231931,15834.1,15835.2,15833.8,15834.2,15835.6,15836.7,15835.4,15835.7
202108231932,15834.2,15838.3,15834.2,15836.8,15835.7,15840,15835.7,15838.3
202108231933,15836.8,15839.8,15836,15839.8,15838.3,15841.3,15837.7,15841.3
202108231934,15839.8,15843,15839.3,15843,15841.3,15844.8,15841,15844.7
202108231935,15843,15843.1,15839.2,15841.1,15844.7,15844.8,15841,15842.6
202108231936,15841.1,15841.1,15838.6,15839.1,15842.6,15842.6,15840.6,15840.6
202108231937,15839.1,15839.7,15833.8,15839.7,15840.6,15841.3,15835.3,15841.3
202108231938,15839.7,15840.3,15838.1,15840,15841.3,15842,15839.8,15841.8
202108231939,15840,15842,15838.9,15841,15841.8,15843.8,15840.5,15842.8
202108231940,15841,15841.2,15837.5,15838.6,15842.8,15842.9,15839.1,15840.1
202108231941,15838.5,15841.6,15838.3,15841.2,15840.1,15843.1,15839.8,15843
202108231942,15841.2,15843,15841,15842.7,15843,15844.8,15842.7,15844.2
202108231943,15842.7,15843,15839.2,15840.1,15844.2,15844.7,15841,15841.6
202108231944,15840.2,15842,15839.9,15841.6,15841.7,15843.8,15841.5,15843.2
202108231945,15841.6,15841.9,15833.8,15835,15843.2,15843.6,15835.3,15836.8
202108231946,15835,15837.2,15834.9,15836.2,15836.8,15839,15836.5,15837.7
202108231947,15836.3,15836.3,15832.2,15832.5,15837.8,15837.8,15833.9,15834.1
202108231948,15832.5,15835.9,15832.5,15834.3,15834.1,15837.5,15834.1,15836
202108231949,15834.3,15836.5,15834.3,15835.8,15836,15838,15836,15837.4
202108231950,15835.9,15840.5,15835.9,15839.4,15837.6,15842,15837.6,15841.1
202108231951,15839.4,15841.9,15838.9,15839.3,15841.1,15843.2,15840.5,15840.8
202108231952,15839.3,15839.9,15836,15836.8,15840.8,15841.6,15837.7,15838.3
202108231953,15836.8,15839.9,15836.8,15838.3,15838.3,15841.5,15838.3,15839.8
202108231954,15838.3,15839.2,15836.4,15837.4,15839.8,15841,15838.1,15838.9
202108231955,15837.4,15838,15834.7,15836,15838.9,15839.7,15836.2,15837.8
202108231956,15836.8,15838.6,15836.7,15838.4,15838.4,15840.2,15838.2,15840
202108231957,15838.4,15840.7,15838,15839.3,15840,15842.2,15839.6,15840.8
202108231958,15839.2,15842.1,15839.2,15842,15840.7,15843.6,15840.7,15843
202108231959,15842,15843.9,15839,15839.4,15843,15845.5,15840.7,15840.9
202108232000,15839.4,15842.8,15837.7,15838.2,15840.9,15844.4,15839.7,15839.7
202108232001,15838.2,15840.2,15838.2,15839.4,15839.7,15841.7,15839.7,15841
202108232002,15839.4,15839.7,15837.5,15838.2,15841,15841.4,15839.1,15839.7
202108232003,15838.2,15838.7,15835.8,15836.4,15839.7,15840.2,15837.3,15837.9
202108232004,15836.2,15838.7,15835.2,15838.1,15837.7,15840.2,15837,15839.6
202108232005,15838.1,15839.4,15836.2,15836.8,15839.6,15841.1,15838,15838.4
202108232006,15836.8,15837.2,15834.9,15834.9,15838.4,15838.8,15836.5,15836.5
202108232007,15834.9,15835.4,15834.2,15835.1,15836.5,15837.4,15835.8,15836.6
202108232008,15835.3,15840.7,15835.3,15840.5,15836.8,15842.2,15836.8,15842.1
202108232009,15840.5,15842.6,15840.5,15842.1,15842.1,15844.2,15842.1,15843.6
202108232010,15842.1,15842.8,15838.8,15839,15843.6,15844.3,15840.3,15840.8
202108232011,15839.1,15840.6,15838.4,15839.8,15840.6,15842.2,15839.9,15841.3
202108232012,15839.7,15839.7,15831.6,15836.6,15841.2,15841.2,15833.2,15838.1
202108232013,15836.6,15838,15835.9,15838,15838.1,15839.7,15837,15839
202108232014,15837.3,15839.1,15833,15838.9,15839,15840.9,15834.8,15840.5
202108232015,15838.9,15839.8,15836,15838.2,15840.5,15841.5,15837.6,15840
202108232016,15838.2,15838.7,15833.5,15834.9,15840,15840.3,15835.1,15836.6
202108232017,15834.9,15834.9,15829,15831.9,15836.6,15836.6,15830.8,15833.5
202108232018,15831.9,15832,15827.9,15828.2,15833.5,15833.8,15829.5,15829.7
202108232019,15828,15829.3,15826.2,15826.8,15829.5,15831,15828,15828.3
202108232020,15826.8,15828.2,15823,15823.4,15828.3,15829.8,15824.8,15825
202108232021,15823.4,15825.3,15820.2,15821,15825,15827,15822,15822.8
202108232022,15821,15824.2,15820.8,15821.3,15822.8,15826,15822.3,15822.8
202108232023,15821.3,15821.5,15817.2,15817.4,15822.8,15823.1,15818.8,15819.1
202108232024,15817.4,15821.3,15816.2,15821,15819.1,15822.8,15818,15822.7
202108232025,15820.3,15823,15820,15822.7,15822,15824.8,15821,15824.3
202108232026,15822.8,15824.7,15822.7,15823,15824.4,15826.2,15824.2,15824.8
202108232027,15822.9,15826.5,15822.9,15826.2,15824.5,15828.1,15824.5,15827.7
202108232028,15826.1,15829.1,15826.1,15829,15827.6,15830.9,15827.6,15830.8
202108232029,15829,15830.2,15828.7,15830,15830.8,15832,15830.1,15831.8
202108232030,15830,15830.6,15828.8,15828.9,15831.6,15832.1,15830.3,15830.5
202108232031,15828.9,15833,15828.4,15832.1,15830.5,15834.8,15829.9,15833.6
202108232032,15832.1,15835.8,15832.1,15834.2,15833.6,15837,15833.6,15835.7
202108232033,15834.2,15837.2,15827.8,15831.1,15835.7,15838.9,15829.5,15832.9
202108232034,15831.1,15833.2,15831,15833.2,15832.9,15835,15832.8,15835
202108232035,15833.2,15841.1,15833.2,15840.3,15835,15842.9,15835,15841.8
202108232036,15840.3,15847.2,15840,15846.9,15841.8,15849,15841,15848.6
202108232037,15846.9,15850.2,15845,15845,15848.6,15852,15846.8,15846.8
202108232038,15845,15848.2,15844.2,15844.7,15846.8,15850,15845.8,15846.3
202108232039,15844.8,15847,15844.7,15845.2,15846.4,15848.8,15846.3,15847
202108232040,15845.2,15847,15845,15846.8,15847,15848.8,15846.7,15848.3
202108232041,15846.7,15848.8,15846.5,15848.7,15848.2,15850.3,15848.2,15850.3
202108232042,15848.7,15851.2,15847.2,15847.2,15850.3,15853,15849,15849
202108232043,15847.2,15847.2,15843.8,15846,15849,15849,15845.3,15847
202108232044,15846,15847.6,15845,15845.4,15847,15849.1,15846.6,15846.9
202108232045,15845.2,15846.4,15843.9,15844.5,15847,15848,15845.5,15846.1
202108232046,15844.4,15844.5,15838.9,15841.3,15846,15846.1,15840.6,15842.8
202108232047,15841.4,15841.9,15835,15836.4,15842.9,15843.6,15836.7,15838.1
202108232048,15836.4,15836.9,15833.2,15834.1,15838.1,15838.6,15835,15835.6
202108232049,15834.1,15834.7,15831,15831.4,15835.6,15836.2,15832.8,15832.9
202108232050,15831.4,15837.4,15830.5,15835.2,15832.9,15839.1,15832.1,15837
202108232051,15835.1,15840.1,15835.1,15838.1,15836.6,15841.8,15836.6,15839.6
202108232052,15838.1,15844.3,15837.8,15839.9,15839.6,15846,15839.4,15841.6
202108232053,15839.9,15840.5,15833.8,15833.8,15841.6,15842.1,15835.3,15835.3
202108232054,15833.8,15835.3,15833,15833.9,15835.3,15837,15834.8,15835.6
202108232055,15833.9,15837.9,15833.9,15836.2,15835.6,15839.6,15835.6,15838
202108232056,15836.2,15838.4,15836.2,15837.4,15838,15840,15838,15839.1
202108232057,15837.3,15841.2,15836.5,15841.1,15839,15843,15838.1,15842.6
202108232058,15841.1,15841.1,15837.4,15837.7,15842.6,15842.6,15839.1,15839.3
202108232059,15837.7,15838.2,15837,15837.5,15839.3,15839.7,15838.6,15839.1
202108232100,15837.5,15837.5,15832.8,15833.5,15839.1,15839.1,15834,15835.1
202108232101,15833.7,15833.7,15826.8,15829,15835.3,15835.3,15828,15830.8
202108232102,15829,15829.7,15824.3,15825.4,15830.8,15831.2,15825.8,15826.9
202108232103,15825.4,15828,15825,15827.3,15826.9,15829.8,15826.5,15828.8
202108232104,15827.2,15830.1,15826.2,15829.5,15828.7,15831.6,15827.9,15831.1
202108232105,15829.6,15830.7,15828.4,15830,15831.2,15832.3,15830.1,15831
202108232106,15830,15831,15828.5,15830.2,15831,15832,15830.1,15831.7
202108232107,15830.2,15830.9,15827.6,15830.8,15831.7,15832.1,15829.2,15831.9
202108232108,15830.8,15834.1,15830.8,15833.3,15831.9,15835.8,15831.9,15835
202108232109,15833.3,15835,15833.2,15835,15835,15836.8,15835,15836.8
202108232110,15834.9,15838.6,15834.3,15837.9,15836.5,15840.1,15836,15839.5
202108232111,15837.9,15839,15836.8,15839,15839.5,15840.5,15838.3,15840.5
202108232112,15839,15840.1,15838,15840.1,15840.5,15841.7,15839.6,15841.6
202108232113,15840.1,15844.8,15840.1,15844.5,15841.6,15846,15841.6,15846
202108232114,15844.5,15845.1,15835.9,15836,15846,15846.7,15837.6,15837.7
202108232115,15836,15841,15834,15834.3,15837.7,15842.8,15835.8,15836
202108232116,15834.3,15838.9,15832.4,15838.4,15836,15840.6,15833.9,15839.9
202108232117,15838.4,15839.7,15837.9,15839.2,15839.9,15841.2,15839.4,15841
202108232118,15839.2,15839.9,15838.3,15838.3,15841,15841.6,15839.8,15839.8
202108232119,15838.3,15840,15838.3,15839.3,15839.8,15841.7,15839.8,15841
202108232120,15839.3,15840.3,15836.3,15836.7,15841,15841.8,15838,15838.3
202108232121,15836.7,15837.2,15833,15834.4,15838.3,15838.8,15834.7,15835.9
202108232122,15834.4,15834.8,15833.4,15834,15835.9,15836.4,15835,15835.8
202108232123,15834,15836,15834,15836,15835.8,15837.6,15835.5,15837.5
202108232124,15836,15836.1,15834,15834.4,15837.5,15837.8,15835.7,15835.9
202108232125,15834.3,15836.2,15834.1,15835,15835.8,15837.9,15835.8,15836.8
202108232126,15835,15835.2,15832.1,15834.2,15836.8,15836.9,15833.7,15835.7
202108232127,15834.2,15834.2,15832.2,15832.3,15835.7,15836,15833.8,15833.8
202108232128,15832.3,15833.9,15831.9,15833.9,15833.8,15835.2,15833,15834.9
202108232129,15833.9,15835.1,15833.7,15834.2,15834.9,15836.9,15834.9,15836
202108232130,15834.2,15835.9,15834,15835.7,15836,15837,15835.7,15836.8
202108232131,15835.5,15835.6,15832.4,15833.3,15837,15837.1,15834.1,15834.8
202108232132,15833.4,15835.2,15831.3,15831.3,15834.9,15837,15832.8,15832.8
202108232133,15831.3,15831.7,15827.8,15827.9,15832.8,15833.2,15829.4,15829.4
202108232134,15827.8,15830.7,15827.7,15828,15829.3,15832.3,15829.2,15829.7
202108232135,15828,15831,15827.8,15830.5,15829.7,15832.1,15829,15832
202108232136,15830.5,15831,15829,15830.1,15832,15832.1,15830.5,15831.6
202108232137,15830.1,15831,15826,15827.7,15831.6,15832,15827.8,15829.3
202108232138,15827.7,15828.1,15826.7,15827,15829.3,15829.8,15828.4,15828.5
202108232139,15827,15834.2,15826.3,15829.7,15828.5,15836,15828,15831.2
202108232140,15830,15830,15824,15825.3,15831.7,15831.7,15825.8,15826.8
202108232141,15825.3,15825.4,15823,15823.4,15826.8,15827.1,15824.8,15825.1
202108232142,15823.4,15829.2,15823.1,15829.2,15825.1,15830.7,15824.9,15830.7
202108232143,15829.2,15829.7,15827,15827.7,15830.7,15831.2,15828.6,15829.2
202108232144,15827.6,15830.4,15827.2,15830.4,15829.1,15831.9,15828.9,15831.9
202108232145,15830.4,15830.5,15822.7,15823.2,15831.9,15832.1,15824.2,15825
202108232146,15823.2,15825,15820.5,15824.6,15825,15826.8,15822.2,15826.2
202108232147,15824.6,15827.7,15824.4,15826,15826.2,15829.2,15826.1,15827.7
202108232148,15825.9,15827.1,15825.2,15827,15827.6,15828.6,15827,15828.6
202108232149,15827,15827.1,15824.6,15824.9,15828.6,15828.6,15826,15826.5
202108232150,15824.9,15830,15824.5,15830,15826.5,15831.1,15826.1,15831
202108232151,15830,15832.4,15829,15832,15831,15834,15830.8,15833.7
202108232152,15832,15832.9,15831.1,15832.6,15833.7,15834.1,15832.9,15834.1
202108232153,15832.6,15833,15830.4,15830.4,15834.1,15834.7,15832.1,15832.1
202108232154,15830.4,15831.3,15830.2,15830.5,15832.1,15833,15831.9,15832.1
202108232155,15830.5,15831,15829,15829.3,15832.1,15832.8,15830.7,15830.8
202108232156,15829.4,15829.5,15825,15826.2,15830.9,15831.1,15826.8,15828
202108232157,15826.2,15827.3,15823.6,15823.8,15828,15828.8,15824.9,15825.3
202108232158,15823.8,15824.3,15820,15821.8,15825.3,15825.8,15821.7,15823.3
202108232159,15821.8,15825.9,15821.8,15825.5,15823.4,15827.1,15823.4,15827.1
202108232200,15825.5,15826.1,15823,15826,15827.1,15827.7,15824.6,15827.7
202108232201,15826,15828,15817,15817,15827.7,15829.5,15818.8,15818.8
202108232202,15817.3,15820.2,15813.2,15814.7,15818.8,15822,15815,15816.2
202108232203,15814.7,15818.1,15814.3,15816.8,15816.2,15819.9,15816,15818.4
202108232204,15816.8,15820.1,15816.3,15819.3,15818.4,15821.9,15817.8,15820.8
202108232205,15819.3,15819.3,15816.9,15816.9,15820.8,15821,15818.2,15818.4
202108232206,15816.9,15817.3,15815.2,15816.2,15818.4,15818.8,15817,15818
202108232207,15816.2,15817.1,15815.2,15815.7,15818,15818.8,15817,15817.2
202108232208,15815.8,15816.4,15815.1,15815.9,15817.3,15818.1,15816.8,15817.4
202108232209,15815.9,15818.1,15815.8,15817,15817.4,15819.9,15817.3,15818
202108232210,15817,15817,15812,15812.2,15818,15818.5,15813.7,15813.7
202108232211,15812.1,15813.1,15811,15812.1,15813.6,15814.2,15812.1,15813.9
202108232212,15812.1,15812.7,15810.7,15811.9,15813.9,15814.2,15812,15813.4
202108232213,15811.9,15815.8,15811.9,15815.8,15813.4,15817.4,15813.4,15817.4
202108232214,15815.8,15818.2,15814,15814.3,15817.3,15820,15815.7,15815.8
202108232215,15814.4,15816.7,15814.4,15816.4,15815.9,15818.2,15815.9,15817.9
202108232216,15816.4,15816.4,15812.1,15816.1,15817.9,15817.9,15813.9,15817.9
202108232217,15815.8,15815.8,15813.2,15814.9,15817.3,15817.4,15815,15816.6
202108232218,15814.9,15815.8,15812.1,15813.8,15816.6,15817.4,15813.8,15815.3
202108232219,15813.8,15815.5,15813.2,15813.9,15815.3,15817,15815,15815.4
202108232220,15813.9,15814.1,15812,15812,15815.4,15815.6,15813.6,15813.7
202108232221,15812,15812,15807.2,15807.8,15813.7,15813.7,15809,15809.3
202108232222,15807.8,15811.1,15807.8,15809.6,15809.3,15812.8,15809.3,15811.2
202108232223,15809.6,15809.8,15806,15806.9,15811.2,15811.4,15807.6,15808.5
202108232224,15806.9,15808,15806,15806.1,15808.5,15809.2,15807.6,15807.9
202108232225,15806.1,15806.2,15801.3,15802.1,15807.9,15807.9,15803,15803.9
202108232226,15802.1,15802.4,15800.5,15802.4,15803.9,15804,15802,15804
202108232227,15802.4,15803.2,15800.9,15801.9,15804,15804.9,15802.4,15803.6
202108232228,15802,15804,15802,15804,15803.7,15805.8,15803.7,15805.7
202108232229,15804,15804.4,15802,15802.3,15805.7,15806,15803.1,15804
202108232230,15802.3,15810.3,15802,15806.9,15804,15812,15803.8,15808.6
202108232231,15806.9,15806.9,15802.9,15805,15808.6,15808.6,15804,15806.7
202108232232,15805,15810.3,15804,15807.3,15806.8,15812,15805.6,15808.8
202108232233,15807.3,15808.6,15801.9,15803.8,15808.8,15810.1,15803.4,15805.3
202108232234,15803.8,15808.3,15800.9,15805.9,15805.3,15810,15802.4,15807.5
202108232235,15805.8,15810.2,15805.8,15808.2,15807.3,15811.7,15807.2,15809.7
202108232236,15808.2,15813,15807.4,15811.2,15809.7,15814.8,15809.1,15813
202108232237,15811.2,15813,15807.2,15812.2,15813,15814,15809,15814
202108232238,15812.2,15813,15807.9,15808.3,15814,15814.7,15809.2,15809.8
202108232239,15808.3,15811.8,15807,15809.2,15809.8,15813.3,15808.5,15811
202108232240,15809.2,15813.4,15807.8,15811.2,15811,15815.1,15809.5,15812.7
202108232241,15811.2,15812.9,15808,15809.8,15812.7,15814.1,15809.8,15811.4
202108232242,15809.8,15810.3,15805.2,15808.5,15811.4,15812,15807,15811
202108232243,15808.5,15809.6,15807,15807.7,15811,15811.3,15808.6,15810.2
202108232244,15807.7,15808.2,15802.9,15803.8,15810.2,15810.3,15804.7,15805.5
202108232245,15803.8,15803.8,15790,15795.8,15805.5,15805.7,15791.7,15797.8
202108232246,15795.8,15800,15793.9,15794.2,15797.8,15801.8,15795.5,15796
202108232247,15794.4,15800.6,15792,15800.6,15796.1,15802.2,15793.8,15802.2
202108232248,15800.6,15802.7,15795.5,15795.8,15802.2,15804.7,15797,15797.8
202108232249,15795.8,15804.7,15794.9,15804.1,15797.8,15806.2,15796.7,15805.6
202108232250,15804.1,15804.1,15802,15802.3,15805.6,15805.8,15803.7,15804
202108232251,15802.3,15809.3,15802.2,15807.4,15804,15811,15803.7,15809.1
202108232252,15807.4,15808.5,15804,15806.6,15809.1,15810.1,15805.8,15808.1
202108232253,15807.3,15812.7,15806.6,15812.4,15809,15814.2,15808.2,15814.1
202108232254,15812.4,15816,15812,15815,15814.1,15817.5,15813.8,15816.7
202108232255,15815,15818,15814.8,15815.2,15816.7,15819.8,15816.4,15817
202108232256,15815.2,15815.2,15809.6,15809.9,15817,15817,15811.2,15811.6
202108232257,15809.9,15810.2,15807.3,15808.1,15811.6,15812.6,15809,15810.1
202108232258,15808.1,15813.3,15807.6,15811,15810.1,15815.5,15810.1,15812.8
202108232259,15811,15819.2,15810.4,15819.2,15812.8,15821,15812.1,15821
202108232300,15819.2,15819.8,15811,15812.2,15821,15821.5,15812.8,15814
202108232301,15812.2,15823.8,15812.1,15822.8,15814,15825.4,15814,15824.3
202108232302,15822.9,15827.2,15821.5,15822.2,15824.4,15829,15823.2,15824.7
202108232303,15822.2,15823.8,15816.2,15817.7,15824.7,15825.4,15818,15819.8
202108232304,15817.7,15821,15817.7,15819.9,15819.8,15822.9,15819.5,15821.6
202108232305,15819.9,15823.9,15819.7,15821,15821.6,15825.6,15821.2,15822.7
202108232306,15821,15823.5,15820.2,15821.3,15822.7,15825.1,15822,15822.8
202108232307,15820.8,15823,15820.5,15822.3,15822.3,15824.3,15822.1,15823.8
202108232308,15822.2,15824.5,15819.9,15823.8,15823.7,15826.1,15821.4,15825.3
202108232309,15823.8,15825,15822.9,15824.5,15825.3,15826.1,15824.6,15826.1
202108232310,15824.5,15828.2,15824.5,15827.5,15826.1,15830,15826.1,15829.2
202108232311,15827.5,15830.2,15827.5,15830.2,15829.2,15832,15829.2,15832
202108232312,15830.2,15834,15830.2,15832.3,15832,15835.8,15832,15834
202108232313,15832.3,15833.3,15830.3,15832.4,15834,15835,15832,15833.9
202108232314,15832.1,15833,15830.4,15832.4,15833.6,15834.8,15832.1,15833.9
202108232315,15832.4,15838.9,15832.4,15835.4,15833.9,15840.5,15833.9,15836.9
202108232316,15835.4,15835.4,15832.1,15832.4,15836.9,15836.9,15833.7,15834.5
202108232317,15832.4,15834.5,15831,15833.9,15834.5,15836.1,15832.7,15834.9
202108232318,15833.9,15836.4,15833.2,15835.8,15834.9,15838,15834.9,15837.3
202108232319,15835.8,15836.4,15834,15834.9,15837.3,15838,15835.6,15836.4
202108232320,15834.9,15836.5,15832.1,15832.9,15836.4,15838.1,15833.8,15834.5
202108232321,15832.9,15839.1,15832.9,15839.1,15834.5,15840.8,15834.5,15840.8
202108232322,15839,15843.2,15837,15837,15840.8,15845,15838.7,15838.7
202108232323,15837,15840.4,15836.2,15839.2,15838.7,15842.1,15838,15841.2
202108232324,15839.2,15840.7,15837.5,15838.6,15841.2,15842.6,15839.1,15840.1
202108232325,15838.7,15844,15838.7,15842.2,15840.2,15845.1,15840.2,15843.7
202108232326,15842.2,15842.8,15835.3,15835.3,15843.7,15844.3,15837,15837
202108232327,15835.3,15838,15835.1,15835.1,15837,15839.1,15836.2,15836.2
202108232328,15835.1,15835.3,15829.5,15830,15836.2,15837,15831.1,15831.8
202108232329,15830,15832.3,15828,15828.4,15831.8,15834,15829.5,15829.9
202108232330,15828.4,15835.2,15828.4,15832.5,15829.9,15837,15829.9,15834.1
202108232331,15832.8,15837,15832,15836.9,15834.4,15838.7,15833.7,15838.4
202108232332,15836.9,15837,15833.1,15833.1,15838.4,15838.8,15834.9,15834.9
202108232333,15833.1,15837.3,15831.2,15834.2,15834.9,15839,15833,15836
202108232334,15834.2,15836.3,15831.5,15831.9,15836,15838,15833.1,15833.5
202108232335,15831.9,15832.6,15830.9,15831.4,15833.5,15834.1,15832.2,15833
202108232336,15831.4,15833.7,15830.7,15833.7,15833,15835.2,15831.9,15835.2
202108232337,15833.7,15836.8,15832.2,15836.2,15835.2,15838.3,15834,15838
202108232338,15836.2,15836.5,15833.7,15836.5,15838,15838.1,15835.2,15838.1
202108232339,15836.5,15836.6,15834.3,15835.6,15838.1,15838.1,15835.8,15837.1
202108232340,15835.6,15838,15833.9,15836.1,15837.1,15839.2,15835.4,15837.9
202108232341,15836.1,15837.7,15833.1,15833.1,15837.9,15839.2,15834.1,15834.1
202108232342,15833.1,15833.4,15831.2,15832.3,15834.1,15835,15832.7,15834
202108232343,15832.3,15835.8,15832,15834.7,15834,15837.2,15833.8,15836.2
202108232344,15834.7,15834.7,15830.9,15831.5,15836.2,15836.2,15832.4,15833.1
202108232345,15831.5,15833,15831.3,15833,15833.1,15834.7,15833,15834
202108232346,15833,15837.3,15833,15836.1,15834,15839,15834,15837.2
202108232347,15836.1,15838,15835.3,15837.5,15837.2,15839.3,15836.9,15839.1
202108232348,15837.5,15839.5,15837.5,15839.5,15839.1,15841,15839,15841
202108232349,15839.5,15841.1,15839,15840.4,15841,15842.5,15840.8,15841.9
202108232350,15840.4,15841.6,15840,15840,15841.9,15843.1,15841,15841
202108232351,15840,15844.7,15840,15844.5,15841,15846,15841,15846
202108232352,15844.5,15847.1,15844.5,15846.3,15846,15848.9,15845.9,15848
202108232353,15846.3,15846.3,15842,15843,15848,15848,15843.1,15844
202108232354,15843,15845,15841.6,15844.1,15844,15846.6,15843,15845.2
202108232355,15844.1,15844.4,15842,15843,15845.2,15846,15843.5,15844
202108232356,15843,15844,15842,15843.9,15844,15845.4,15843.7,15845.4
202108232357,15843.9,15845,15843.5,15843.9,15845.4,15846.1,15844.9,15845.4
202108232358,15843.9,15845.1,15840.1,15841.1,15845.4,15846.9,15841.8,15842.1
202108232359,15840.9,15841.5,15839.8,15840,15841.9,15843,15841,15841
202108240000,15840,15843.1,15838.3,15842.3,15841,15844.9,15839.9,15844
202108240001,15842.3,15844,15841.5,15843.8,15844,15845.5,15843,15845.3
202108240002,15843.8,15846.1,15842,15846.1,15845.3,15847.1,15843.7,15847.1
202108240003,15846.1,15851.1,15846,15848.9,15847.1,15852.1,15847,15850.5
202108240004,15848.9,15852.1,15847.8,15848.3,15850.5,15853.1,15848.9,15850
202108240005,15848.1,15849,15846,15847.1,15849.9,15850,15847.5,15848.9
202108240006,15847.1,15849,15847.1,15847.9,15848.9,15850,15848.8,15849.5
202108240007,15847.9,15849.4,15846.5,15847,15849.5,15851,15848.1,15848.7
202108240008,15847,15849.1,15846,15849.1,15848.7,15850.8,15847.8,15850.2
202108240009,15849.1,15855.1,15847.9,15855.1,15850.2,15856.9,15849.1,15856.9
202108240010,15855.1,15856.1,15853,15853.5,15856.9,15857.9,15854,15855
202108240011,15853.5,15857.6,15853.5,15857.4,15855,15859.1,15855,15859.1
202108240012,15857.4,15857.4,15851.1,15851.7,15859.1,15859.1,15852.8,15853.2
202108240013,15851.7,15853.9,15851.7,15853,15853.2,15855.1,15853.1,15854
202108240014,15853,15853,15851,15851,15854,15854.1,15852.5,15852.5
202108240015,15851,15852,15849.2,15851.9,15852.5,15853.1,15851,15852.9
202108240016,15851.9,15854.3,15850,15853,15852.9,15856,15851.5,15854
202108240017,15853,15853,15851,15852.1,15854,15854,15852.8,15853.2
202108240018,15852.1,15853,15851.9,15852,15853.2,15854,15852.9,15853.5
202108240019,15852,15853,15851.1,15851.1,15853.5,15854.1,15852.8,15852.9
202108240020,15851.3,15853.7,15851,15853.5,15852.8,15855,15852.6,15855
202108240021,15853.5,15853.9,15852,15853,15855,15855,15853.1,15854.8
202108240022,15853,15858.1,15853,15856,15854.8,15859.5,15854.8,15857.5
202108240023,15856,15857.2,15853.8,15855.9,15857.5,15858.2,15854.9,15856.9
202108240024,15855.9,15856.3,15853,15853.8,15856.9,15858,15854,15854.9
202108240025,15853.8,15859.1,15853.5,15856.9,15854.9,15860.1,15854.9,15857.9
202108240026,15857,15857,15852.9,15853.7,15858,15858,15853.9,15854.8
202108240027,15853.7,15856,15853,15855.9,15854.8,15857.1,15854.5,15856.9
202108240028,15855.9,15857.1,15853.4,15853.6,15856.9,15858.9,15854.9,15855.1
202108240029,15853.6,15865,15853.6,15862,15855.1,15866,15855.1,15863
202108240030,15862,15862,15854.1,15857,15863,15863.4,15855.9,15858.6
202108240031,15857,15861.3,15855.9,15857.1,15858.6,15863,15857,15858.9
202108240032,15857.5,15857.5,15852.1,15853,15859.1,15859.1,15853.9,15854
202108240033,15853,15856,15850.8,15851,15854,15857,15851.9,15852.6
202108240034,15851,15853.1,15848.1,15848.1,15852.6,15854.7,15849.8,15849.8
202108240035,15847.9,15850,15846.1,15846.1,15849.4,15851.6,15847.1,15847.1
202108240036,15846.1,15848.5,15844.9,15848.5,15847.1,15850,15846.1,15850
202108240037,15848.6,15852,15848.1,15851.8,15850.1,15853,15849.9,15852.9
202108240038,15851.8,15853.2,15851,15853,15852.9,15854.2,15852.1,15854
202108240039,15853,15855.1,15851.4,15854,15854,15856.5,15853,15855
202108240040,15854,15855.3,15853.6,15855.1,15855,15857,15855,15856.1
202108240041,15855.1,15855.1,15853,15853,15856.1,15856.1,15854,15854
202108240042,15853,15854.1,15851.4,15852,15854,15855.1,15852.9,15853.6
202108240043,15852,15853.4,15852,15852.3,15853.6,15855,15853.3,15854
202108240044,15852.4,15853.1,15850.2,15851,15853.9,15854.1,15851.9,15852.6
202108240045,15851,15851.4,15850.6,15850.7,15852.6,15853,15851.8,15851.8
202108240046,15850.7,15850.7,15848.9,15849.7,15851.8,15851.8,15849.9,15850.8
202108240047,15849.7,15850.1,15848,15848.2,15850.8,15851.1,15849.3,15850
202108240048,15848.2,15848.4,15846.5,15848,15850,15850,15847.9,15849
202108240049,15848,15848.2,15846.9,15846.9,15849,15849.8,15847.9,15847.9
202108240050,15847,15847.1,15843.9,15844.8,15848.6,15848.6,15844.9,15845.9
202108240051,15844.8,15846.3,15843.9,15844.1,15845.9,15847.8,15845.1,15845.1
202108240052,15844.1,15846.1,15844,15845.2,15845.1,15847.4,15845.1,15846.2
202108240053,15845.2,15847.1,15845.1,15846.9,15846.2,15848.2,15846.2,15847.9
202108240054,15847,15847.6,15844.8,15845.1,15848,15849.2,15846,15846.1
202108240055,15844.9,15847.2,15844.3,15847.1,15845.9,15848.9,15845.9,15848.8
202108240056,15847.4,15849.1,15846,15848.9,15849,15850.8,15847.7,15850.4
202108240057,15848.6,15849.8,15848.5,15849,15850.1,15851,15850,15850
202108240058,15849,15849.8,15848,15848.4,15850,15851.1,15849.5,15850
202108240059,15848.4,15850.4,15848.4,15850.4,15850,15852,15849.9,15852
202108240100,15850.4,15851.1,15850,15851.1,15852,15852.6,15851.8,15852.1
202108240101,15851.1,15853.1,15851,15851,15852.1,15854.4,15852.1,15852.5
202108240102,15851,15854,15851,15852.5,15852.5,15855,15852.5,15854.1
202108240103,15852.5,15853.9,15852,15852.3,15854.1,15855,15853.7,15854
202108240104,15852.3,15854.2,15852.3,15853.8,15854,15855.9,15853.9,15855.3
202108240105,15853.8,15854.2,15853,15854.2,15855.3,15856,15854,15855.7
202108240106,15854.1,15856.1,15854,15856,15855.6,15857.8,15855.6,15857.8
202108240107,15856,15858.1,15856,15857.9,15857.8,15859.7,15857.7,15858.9
202108240108,15857.9,15858,15855.9,15856,15858.9,15859.2,15857,15857
202108240109,15856,15856.1,15855.6,15856,15857,15857.4,15856.9,15857
202108240110,15856,15857,15854.2,15854.2,15857,15858.1,15856,15856
202108240111,15854.2,15854.2,15851,15852.2,15856,15856,15852.6,15854
202108240112,15852.2,15853,15852.2,15852.5,15854,15854.3,15853.8,15854.1
202108240113,15852.5,15852.9,15852.3,15852.9,15854.1,15854.6,15854,15854.4
202108240114,15852.8,15853.1,15852,15853,15854.3,15854.4,15853.8,15854
202108240115,15852.9,15853,15850.5,15850.7,15854.4,15854.8,15852.1,15852.2
202108240116,15850.9,15850.9,15849,15849.8,15852.4,15852.4,15850.7,15851.3
202108240117,15849.7,15851.9,15849.7,15851.3,15851.2,15853,15851,15853
202108240118,15851.3,15851.5,15849.4,15849.4,15853,15853.1,15851,15851
202108240119,15849.4,15852.7,15849,15852.7,15851,15854.2,15850.5,15854.2
202108240120,15852.9,15852.9,15851.5,15851.7,15854.4,15854.5,15853.1,15853.2
202108240121,15851.7,15852.3,15850.5,15851.8,15853.2,15853.8,15852,15853.4
202108240122,15851.8,15853,15851.7,15853,15853.4,15854.6,15853.2,15854
202108240123,15853,15853,15850.6,15850.9,15854,15854.3,15852.1,15852.5
202108240124,15850.9,15851.9,15850.3,15851.8,15852.5,15853.6,15852,15853.3
202108240125,15851.7,15851.9,15850.5,15851.3,15853.2,15853.5,15852.1,15853
202108240126,15851.3,15851.7,15849.8,15849.8,15853,15853.2,15851,15851.3
202108240127,15849.8,15850.6,15849,15850.6,15851.3,15852.1,15850.7,15852.1
202108240128,15850.6,15852,15850.6,15851.7,15852.1,15853.2,15851.9,15853.2
202108240129,15851.9,15852.3,15851.6,15851.6,15853.4,15853.8,15853,15853.1
202108240130,15851.9,15853.1,15851.9,15852.9,15853.4,15854.7,15853.4,15854.6
202108240131,15852.9,15854,15852.9,15853.9,15854.6,15855.7,15854.1,15855.4
202108240132,15853.9,15854.1,15853.4,15854,15855.4,15855.7,15854.9,15855.7
202108240133,15854,15854.8,15853.3,15854.8,15855.7,15856,15855,15855.9
202108240134,15854.8,15854.8,15852.2,15852.8,15855.9,15856.1,15854,15854.3
202108240135,15852.8,15852.8,15850,15851.7,15854.3,15854.3,15851,15853.2
202108240136,15851.7,15853,15851.4,15852.3,15853.2,15854.6,15853.1,15854
202108240137,15852.3,15853,15851.4,15852.3,15854,15854.7,15853.1,15854
202108240138,15852.3,15854,15852.2,15853.3,15854,15855.1,15854,15855
202108240139,15853.3,15855.3,15853.2,15855.1,15855,15857,15855,15856.6
202108240140,15855.1,15855.3,15855.1,15855.3,15856.6,15856.9,15856.3,15856.3
202108240141,15855.3,15855.3,15855.1,15855.3,15856.3,15856.7,15856.2,15856.3
202108240142,15855.3,15857.8,15855.1,15856,15856.3,15859,15856.2,15857
202108240143,15856,15856.3,15854.5,15854.5,15857,15858,15856.1,15856.1
202108240144,15854.5,15855.1,15853.2,15854.8,15856.1,15856.6,15854.9,15856.3
202108240145,15854.6,15855,15854,15854.9,15856.1,15856.6,15855,15856.5
202108240146,15855,15855,15854.2,15855,15856.6,15856.7,15855.9,15856.7
202108240147,15855,15855,15853.9,15854,15856.7,15856.7,15854.9,15855.7
202108240148,15854,15855,15853,15853.2,15855.7,15856.2,15854.7,15855
202108240149,15853.2,15853.5,15850.7,15850.7,15855,15855.1,15852,15852.2
202108240150,15850.7,15852.5,15850.6,15852.3,15852.2,15854.1,15851.9,15854
202108240151,15852.3,15853.9,15852.2,15853.5,15854,15855.2,15853.9,15855.1
202108240152,15853.6,15854.3,15853.4,15854.3,15855.2,15856,15855.1,15856
202108240153,15854.3,15855.5,15854.2,15855.2,15856,15857.1,15855.9,15856.7
202108240154,15855.2,15856.2,15855,15855.4,15856.7,15858,15856.7,15856.9
202108240155,15855.4,15856,15854.5,15856,15856.9,15857.6,15856.1,15857
202108240156,15856,15856.3,15855.3,15855.8,15857,15858,15857,15857.3
202108240157,15855.8,15856.2,15855.3,15855.3,15857.3,15858,15857,15857
202108240158,15855.4,15857.5,15855,15857.4,15857.1,15859,15856.8,15859
202108240159,15857.4,15859.9,15857.4,15859.6,15859,15861.6,15859,15861.2
202108240200,15859.6,15860.3,15859,15859.9,15861.2,15862,15860.2,15860.9
202108240201,15859.9,15860,15857.5,15858,15860.9,15861.5,15859.1,15859.8
202108240202,15858,15858.9,15857.8,15858.9,15859.8,15860.5,15859.4,15860.5
202108240203,15858.9,15858.9,15857.4,15857.8,15860.5,15860.6,15859.1,15859.3
202108240204,15857.8,15858,15857.4,15857.5,15859.3,15859.8,15859.1,15859.1
202108240205,15857.5,15857.5,15856.2,15856.8,15859.1,15859.1,15858,15858.4
202108240206,15856.8,15857.6,15856.8,15857.6,15858.4,15859.1,15858.3,15859.1
202108240207,15857.6,15858.1,15856.9,15857.1,15859.1,15859.1,15858.5,15858.6
202108240208,15857.3,15857.9,15856.9,15857.9,15858.8,15859.1,15858.4,15858.9
202108240209,15858,15860.1,15857.7,15859.9,15859,15861.4,15859,15861.4
202108240210,15859.9,15860,15859,15859,15861.4,15861.6,15860.7,15860.8
202108240211,15859,15859.9,15857.9,15859.9,15860.8,15861.5,15859.6,15861.5
202108240212,15859.9,15862,15859.8,15861.3,15861.5,15863.3,15861,15862.8
202108240213,15861.3,15861.6,15860,15861.1,15862.8,15863.1,15861.7,15862.6
202108240214,15861.1,15863.2,15861.1,15862.5,15862.6,15865,15862.6,15864.1
202108240215,15862.6,15863,15861.3,15862,15864.2,15864.3,15862.8,15863
202108240216,15862,15862,15858.4,15858.4,15863,15863.2,15860,15860
202108240217,15858.5,15860.7,15858.5,15859.9,15860.1,15862.2,15860.1,15861.5
202108240218,15859.9,15860.3,15859,15859.4,15861.5,15862,15860.7,15860.9
202108240219,15859.3,15859.3,15858.7,15859.2,15860.8,15861,15860.2,15861
202108240220,15859.2,15859.3,15858,15858.7,15861,15861,15859.7,15860.2
202108240221,15858.7,15859,15857.7,15858.4,15860.2,15860.2,15859,15859.9
202108240222,15858.4,15860,15858,15859.4,15859.9,15861.7,15859.8,15861.1
202108240223,15859.4,15860.2,15858.6,15858.6,15861.1,15861.9,15860,15860.1
202108240224,15858.6,15859.1,15858.6,15858.9,15860.1,15860.5,15859.9,15860.4
202108240225,15858.9,15859.1,15856,15856.7,15860.4,15860.6,15857.7,15858.2
202108240226,15856.7,15857.3,15852.5,15852.5,15858.2,15859,15854.1,15854.1
202108240227,15852.5,15855.2,15851.8,15854.8,15854.1,15857,15853,15856.3
202108240228,15854.8,15855.2,15854.4,15855.1,15856.3,15857,15856.1,15856.6
202108240229,15855.1,15856,15854.4,15854.4,15856.6,15857.8,15856.1,15856.1
202108240230,15854.4,15855.2,15853.9,15854.8,15856.1,15857,15855.4,15856.4
202108240231,15854.6,15856,15854.6,15855.9,15856.2,15857.8,15856.2,15857.4
202108240232,15855.9,15856,15854.4,15854.5,15857.4,15857.8,15855.9,15856
202108240233,15854.5,15854.9,15854.1,15854.8,15856,15856,15855.6,15855.9
202108240234,15854.8,15856.9,15854.8,15856.9,15855.9,15858.1,15855.9,15857.9
202108240235,15856.9,15857,15854,15854,15857.9,15858.4,15855.7,15855.7
202108240236,15854,15854.7,15852.6,15852.8,15855.7,15856.2,15854.2,15854.3
202108240237,15852.8,15854.5,15852.8,15853,15854.3,15856.1,15854.3,15855
202108240238,15853.1,15853.1,15850.9,15850.9,15855.1,15855.1,15852.4,15852.4
202108240239,15850.9,15851,15848.9,15850.5,15852.4,15852.7,15850.6,15852.1
202108240240,15850.5,15851.4,15850.2,15850.8,15852.1,15853,15851.7,15852.3
202108240241,15850.8,15851.5,15849.9,15850.1,15852.3,15853,15851.5,15851.9
202108240242,15850.1,15852,15850,15852,15851.9,15853.1,15851.6,15853
202108240243,15852.2,15852.6,15851.9,15852.6,15854,15854.1,15853.4,15854.1
202108240244,15852.6,15854,15852.2,15853.3,15854.1,15855.2,15854,15854.8
202108240245,15853.3,15853.9,15853,15853.3,15854.8,15855.6,15854.7,15854.8
202108240246,15853.3,15853.7,15851.8,15852.2,15854.8,15855.2,15853.3,15853.7
202108240247,15852.2,15853.4,15852.2,15852.8,15853.7,15855.1,15853.7,15854.3
202108240248,15852.8,15853.3,15852.3,15852.8,15854.3,15854.8,15853.8,15854.4
202108240249,15852.8,15853.2,15852.2,15852.7,15854.4,15855,15854,15854.3
202108240250,15852.6,15853,15851.6,15852.3,15854.2,15854.7,15853.2,15853.8
202108240251,15852.3,15852.9,15851.2,15852.7,15853.8,15854.6,15853,15854.2
202108240252,15852.7,15852.7,15851.2,15852.7,15854.2,15854.2,15852.9,15854.2
202108240253,15852.8,15853.9,15852.8,15853.9,15854.3,15855.1,15854.3,15854.9
202108240254,15853.9,15853.9,15853.2,15853.6,15854.9,15855.4,15854.9,15855.2
202108240255,15853.6,15854.2,15853.3,15853.8,15855.2,15855.8,15855,15855.3
202108240256,15853.8,15854,15853,15853.8,15855.3,15855.7,15854.5,15855.3
202108240257,15853.8,15853.8,15851.4,15851.9,15855.3,15855.3,15853.1,15853.5
202108240258,15851.9,15852.8,15851.5,15851.9,15853.5,15854.4,15853.2,15853.5
202108240259,15851.6,15851.9,15851.2,15851.5,15853.2,15853.5,15852.8,15853.1
202108240300,15851.5,15852,15849.9,15850.3,15853.1,15853.8,15851.5,15851.8
202108240301,15850.3,15850.8,15849.5,15849.5,15851.8,15852.3,15851.2,15851.2
202108240302,15849.6,15850.4,15849.2,15850.2,15851.2,15852.3,15850.9,15852.3
202108240303,15850.2,15851.2,15849.7,15849.7,15852.3,15852.8,15851.3,15851.3
202108240304,15849.6,15852.9,15849.5,15852.9,15851.2,15854.5,15851.2,15854.5
202108240305,15852.9,15853.9,15852.9,15853.3,15854.5,15855.6,15854.4,15854.8
202108240306,15853.3,15853.8,15852.6,15852.9,15854.8,15855.3,15854.2,15854.5
202108240307,15852.9,15853.2,15852.2,15852.9,15854.5,15855,15854,15854.5
202108240308,15852.9,15853.2,15852.6,15853.2,15854.5,15855,15854.2,15854.7
202108240309,15853.2,15854,15852.9,15853.3,15854.7,15855.2,15854.4,15854.8
202108240310,15853.3,15854.3,15853,15853.3,15854.8,15856,15854.7,15855
202108240311,15853,15853.7,15852.7,15853.5,15854.5,15855.2,15854,15855.1
202108240312,15853.5,15854.4,15853.5,15854.3,15855.1,15856,15855,15856
202108240313,15854.3,15855.3,15853.6,15853.6,15856,15857,15855.2,15855.2
202108240314,15853.6,15853.6,15850.5,15851.9,15855.2,15855.2,15852,15852.9
202108240315,15851.9,15852.3,15849.7,15850.1,15852.9,15854,15851.3,15852.1
202108240316,15850.1,15850.9,15849.6,15849.6,15852.1,15852.6,15851.2,15851.2
202108240317,15849.6,15850.4,15849,15849.2,15851.2,15852,15850.8,15851
202108240318,15849.2,15851.9,15849.2,15851.9,15851,15853.6,15850.8,15853.6
202108240319,15851.9,15853.9,15851.9,15853.2,15853.6,15855.6,15853.6,15854.7
202108240320,15853.3,15855.1,15852.9,15855.1,15854.8,15856.8,15854.7,15856.6
202108240321,15855.1,15855.1,15853.2,15854.8,15856.6,15856.6,15854.9,15856.4
202108240322,15854.9,15855,15854,15854.2,15856.5,15856.6,15855.7,15855.7
202108240323,15854.1,15854.1,15851.9,15852.8,15855.6,15855.6,15853.5,15854.3
202108240324,15852.8,15853.9,15852.8,15853.4,15854.3,15855.6,15854.3,15855.1
202108240325,15853.4,15853.9,15853.2,15853.7,15855.1,15855.6,15854.9,15855.3
202108240326,15853.6,15854,15853.4,15854,15855.2,15855.8,15855.1,15855.8
202108240327,15854,15854.4,15853.2,15854.4,15855.8,15856,15855,15856
202108240328,15854.4,15855.5,15854.3,15854.8,15856,15857.1,15855.8,15856.3
202108240329,15854.8,15855,15853.3,15853.4,15856.3,15856.7,15855,15855.1
202108240330,15853.5,15854.9,15853,15854.8,15855.2,15856.6,15854.6,15856.4
202108240331,15854.8,15856,15854.4,15855.7,15856.4,15857.2,15856,15857.2
202108240332,15855.7,15857.1,15855.7,15856.9,15857.2,15858.5,15857.2,15858.5
202108240333,15856.9,15857.1,15855.4,15855.9,15858.5,15858.7,15857,15857.4
202108240334,15855.9,15856.9,15855.8,15856.8,15857.4,15858.5,15857,15858.4
202108240335,15856.8,15856.9,15856.3,15856.6,15858.4,15858.5,15858,15858.1
202108240336,15856.6,15857,15855.9,15856.4,15858.1,15858.2,15857.4,15858
202108240337,15856.5,15857,15855.9,15856.5,15858.1,15858.4,15857.6,15858.1
202108240338,15856.5,15857,15856.4,15856.6,15858.1,15858.2,15858,15858.1
202108240339,15856.6,15857,15856,15856.9,15858.1,15858.5,15857.2,15858.5
202108240340,15856.9,15857.3,15856.4,15857.3,15858.5,15858.8,15858.1,15858.8
202108240341,15857.3,15858.1,15857,15858,15858.8,15859.8,15858.8,15859.6
202108240342,15858,15858.7,15857.2,15857.2,15859.6,15860.2,15859,15859
202108240343,15857.2,15857.2,15856,15856,15859,15859,15857.5,15857.7
202108240344,15856,15856.5,15854.2,15854.2,15857.7,15858.1,15855.9,15856
202108240345,15854.2,15854.6,15854,15854.5,15856,15856.1,15855.8,15856
202108240346,15854.5,15856,15854.3,15855.8,15856,15857.4,15856,15857.3
202108240347,15855.8,15856.2,15855.7,15855.8,15857.3,15858,15857,15857.4
202108240348,15855.8,15856.2,15855.4,15856.1,15857.4,15858,15857,15857.6
202108240349,15856.1,15856.4,15855.2,15855.9,15857.6,15858,15857,15857.6
202108240350,15855.9,15857,15855.2,15856.4,15857.6,15858.1,15857,15857.9
202108240351,15856.3,15857,15856,15857,15857.8,15858.3,15857.6,15858
202108240352,15857,15857,15856,15856.6,15858,15858.5,15857.8,15858.1
202108240353,15856.9,15858.1,15856.9,15857.8,15858.4,15859.4,15858.4,15859.3
202108240354,15857.7,15858,15856.9,15857.9,15859.2,15859.6,15858.4,15858.9
202108240355,15857.9,15858.2,15857.3,15858,15858.9,15860,15858.9,15859.8
202108240356,15858,15858,15857.5,15857.7,15859.8,15859.8,15858.9,15859.2
202108240357,15857.8,15858,15856,15856.9,15859.3,15859.3,15857.5,15857.9
202108240358,15857,15857.4,15856.6,15856.7,15858,15859,15858,15858.2
202108240359,15856.7,15857.3,15856.7,15856.9,15858.2,15858.8,15858,15858.5
202108240400,15856.9,15857.3,15856.8,15857.1,15858.5,15859,15858.3,15858.6
202108240401,15857.1,15857.1,15855.9,15856.3,15858.6,15858.8,15857.4,15857.8
202108240402,15856.3,15856.6,15856,15856.6,15857.8,15858.1,15857.8,15858.1
202108240403,15856.6,15857.8,15856.6,15857.8,15858.1,15859,15857.9,15858.9
202108240404,15857.8,15858.1,15857,15857.2,15858.9,15859.7,15858.6,15858.7
202108240405,15857.3,15857.5,15856.5,15857.2,15858.8,15859.1,15858.1,15858.7
202108240406,15857.1,15858.1,15856.9,15857.8,15858.6,15859.9,15858.5,15859.4
202108240407,15857.8,15857.9,15857.4,15857.6,15859.4,15859.6,15858.9,15859.2
202108240408,15857.6,15857.8,15856.4,15856.7,15859.2,15859.4,15858.1,15858.2
202108240409,15856.8,15857,15854.9,15854.9,15858.3,15858.8,15856.4,15856.5
202108240410,15854.9,15855.3,15854.3,15855.2,15856.5,15857,15856,15856.7
202108240411,15855.2,15855.3,15854.1,15854.1,15856.7,15856.8,15855.8,15855.8
202108240412,15854.1,15855,15854,15854.6,15855.8,15856.4,15855.7,15856.1
202108240413,15854.6,15855.2,15854.4,15854.9,15856.1,15856.8,15855.9,15856.4
202108240414,15854.9,15854.9,15853.1,15854.3,15856.4,15856.4,15854.9,15855.8
202108240415,15854.3,15855.1,15854,15854.7,15855.8,15856.2,15855.8,15856.2
202108240416,15854.7,15855.2,15854.5,15854.6,15856.2,15857,15855.9,15856.1
202108240417,15854.6,15855.7,15854,15855.2,15856.1,15857.2,15855.8,15857
202108240418,15855.2,15855.3,15854.2,15854.5,15857,15857,15856,15856.1
202108240419,15854.5,15855,15854.2,15854.7,15856.1,15856.7,15855.9,15856.2
202108240420,15854.7,15854.7,15851.9,15853.2,15856.2,15856.2,15853,15855
202108240421,15853.5,15854.3,15853,15854.2,15855.1,15856,15854.7,15855.7
202108240422,15854.2,15854.6,15853.8,15853.9,15855.7,15856.1,15855.3,15855.5
202108240423,15853.9,15854.6,15853.6,15854,15855.5,15856.1,15855.2,15855.7
202108240424,15854,15855,15853.9,15855,15855.7,15856.7,15855.4,15856.7
202108240425,15855,15855.9,15854.9,15855.9,15856.7,15857.4,15856.5,15857.4
202108240426,15855.8,15857.1,15855.8,15856.8,15857.3,15858.7,15856.9,15858.3
202108240427,15856.6,15857.4,15855.9,15856.3,15858.1,15858.9,15857.1,15857.8
202108240428,15856.3,15857.9,15855.8,15857.8,15857.8,15859.1,15857.3,15858.9
202108240429,15857.8,15858,15857,15858,15858.9,15859.1,15858.7,15859
202108240430,15858.1,15858.2,15856.7,15857,15859.1,15860,15857.9,15858
202108240431,15857,15857,15855.8,15856.9,15858,15858.2,15857.1,15857.9
202108240432,15856.9,15861.6,15856.9,15861.1,15857.9,15863.1,15857.9,15862.6
202108240433,15861.1,15862.5,15861.1,15861.6,15862.6,15864.1,15862.6,15863.1
202108240434,15861.6,15862.1,15860.9,15861.3,15863.1,15863.8,15862.5,15862.8
202108240435,15861.3,15861.3,15860.2,15860.3,15862.8,15862.8,15861.7,15862
202108240436,15860.3,15860.8,15859.4,15859.4,15862,15862.1,15860.9,15860.9
202108240437,15859.4,15859.4,15857.2,15859,15860.9,15860.9,15859,15860
202108240438,15859,15859,15856.3,15857,15860,15860.1,15858,15858.8
202108240439,15857,15858,15855.2,15855.3,15858.8,15859.7,15857,15857
202108240440,15855.3,15855.4,15852.3,15852.5,15857,15857,15854,15854.1
202108240441,15852.5,15852.7,15850.2,15851.6,15854.1,15854.2,15852,15853.1
202108240442,15851.6,15851.6,15849.7,15849.7,15853.1,15853.1,15851,15851.2
202108240443,15849.6,15851,15849.6,15849.9,15851.1,15852.6,15851.1,15851.5
202108240444,15849.9,15850.5,15849.8,15849.9,15851.5,15852,15851,15851.4
202108240445,15849.9,15850.1,15848.5,15848.8,15851.4,15851.7,15850.1,15850.4
202108240446,15848.9,15850.9,15848,15850.4,15850.5,15852.6,15849.7,15852.1
202108240447,15850.4,15853,15850.4,15853,15852.1,15854.1,15852.1,15854
202108240448,15853,15854.3,15852.8,15852.9,15854,15856,15854,15854.5
202108240449,15852.9,15852.9,15851.2,15851.2,15854.5,15854.5,15853,15853
202108240450,15851.2,15854.6,15849.9,15852,15853,15856.1,15851.1,15853.8
202108240451,15852,15855.2,15852,15854,15853.8,15857,15853.8,15855.8
202108240452,15854,15856.2,15853.3,15853.3,15855.8,15858,15855,15855
202108240453,15853.3,15855.3,15853.2,15854.3,15855,15857,15855,15855.8
202108240454,15854.3,15855.5,15852.9,15853.2,15855.8,15857.1,15854.4,15855
202108240455,15853.2,15854,15841.2,15841.4,15855,15855.8,15842.9,15842.9
202108240456,15841.4,15844.4,15836,15836.6,15842.9,15846.1,15837.8,15838.2
202108240457,15836.6,15845.8,15836,15845.8,15838.2,15847.5,15837.8,15847.5
202108240458,15845.9,15845.9,15842.2,15845.4,15847.6,15847.9,15843.8,15847.2
202108240459,15845.4,15847.5,15841.9,15844.8,15847.2,15849.4,15844.2,15848.4
